0 0 1 41 42
1 1 2 42 43
2 2 3 43 44
3 3 4 44 45
4 4 5 45 46
5 5 6 46 47
6 6 7 47 48
7 7 8 48 49
8 8 9 49 50
9 9 10 50 51
10 10 11 51 52
11 11 12 52 53
12 12 13 53 54
13 13 14 54 55
14 14 15 55 56
15 15 16 56 57
16 16 17 57 58
17 17 18 58 59
18 18 19 59 60
19 19 20 60 61
20 20 21 61 62
21 21 22 62 63
22 22 23 63 64
23 23 24 64 65
24 24 25 65 66
25 25 26 66 67
26 26 27 67 68
27 27 28 68 69
28 28 29 69 70
29 29 30 70 71
30 30 31 71 72
31 31 32 72 73
32 32 33 73 74
33 33 34 74 75
34 34 35 75 76
35 35 36 76 77
36 36 37 77 78
37 37 38 78 79
38 38 39 79 80
39 39 40 80 81
40 41 42 82 83
41 42 43 83 84
42 43 44 84 85
43 44 45 85 86
44 45 46 86 87
45 46 47 87 88
46 47 48 88 89
47 48 49 89 90
48 49 50 90 91
49 50 51 91 92
50 51 52 92 93
51 52 53 93 94
52 53 54 94 95
53 54 55 95 96
54 55 56 96 97
55 56 57 97 98
56 57 58 98 99
57 58 59 99 100
58 59 60 100 101
59 60 61 101 102
60 61 62 102 103
61 62 63 103 104
62 63 64 104 105
63 64 65 105 106
64 65 66 106 107
65 66 67 107 108
66 67 68 108 109
67 68 69 109 110
68 69 70 110 111
69 70 71 111 112
70 71 72 112 113
71 72 73 113 114
72 73 74 114 115
73 74 75 115 116
74 75 76 116 117
75 76 77 117 118
76 77 78 118 119
77 78 79 119 120
78 79 80 120 121
79 80 81 121 122
80 82 83 123 124
81 83 84 124 125
82 84 85 125 126
83 85 86 126 127
84 86 87 127 128
85 87 88 128 129
86 88 89 129 130
87 89 90 130 131
88 90 91 131 132
89 91 92 132 133
90 92 93 133 134
91 93 94 134 135
92 94 95 135 136
93 95 96 136 137
94 96 97 137 138
95 97 98 138 139
96 98 99 139 140
97 99 100 140 141
98 100 101 141 142
99 101 102 142 143
100 102 103 143 144
101 103 104 144 145
102 104 105 145 146
103 105 106 146 147
104 106 107 147 148
105 107 108 148 149
106 108 109 149 150
107 109 110 150 151
108 110 111 151 152
109 111 112 152 153
110 112 113 153 154
111 113 114 154 155
112 114 115 155 156
113 115 116 156 157
114 116 117 157 158
115 117 118 158 159
116 118 119 159 160
117 119 120 160 161
118 120 121 161 162
119 121 122 162 163
120 123 124 164 165
121 124 125 165 166
122 125 126 166 167
123 126 127 167 168
124 127 128 168 169
125 128 129 169 170
126 129 130 170 171
127 130 131 171 172
128 131 132 172 173
129 132 133 173 174
130 133 134 174 175
131 134 135 175 176
132 135 136 176 177
133 136 137 177 178
134 137 138 178 179
135 138 139 179 180
136 139 140 180 181
137 140 141 181 182
138 141 142 182 183
139 142 143 183 184
140 143 144 184 185
141 144 145 185 186
142 145 146 186 187
143 146 147 187 188
144 147 148 188 189
145 148 149 189 190
146 149 150 190 191
147 150 151 191 192
148 151 152 192 193
149 152 153 193 194
150 153 154 194 195
151 154 155 195 196
152 155 156 196 197
153 156 157 197 198
154 157 158 198 199
155 158 159 199 200
156 159 160 200 201
157 160 161 201 202
158 161 162 202 203
159 162 163 203 204
160 164 165 205 206
161 165 166 206 207
162 166 167 207 208
163 167 168 208 209
164 168 169 209 210
165 169 170 210 211
166 170 171 211 212
167 171 172 212 213
168 172 173 213 214
169 173 174 214 215
170 174 175 215 216
171 175 176 216 217
172 176 177 217 218
173 177 178 218 219
174 178 179 219 220
175 179 180 220 221
176 180 181 221 222
177 181 182 222 223
178 182 183 223 224
179 183 184 224 225
180 184 185 225 226
181 185 186 226 227
182 186 187 227 228
183 187 188 228 229
184 188 189 229 230
185 189 190 230 231
186 190 191 231 232
187 191 192 232 233
188 192 193 233 234
189 193 194 234 235
190 194 195 235 236
191 195 196 236 237
192 196 197 237 238
193 197 198 238 239
194 198 199 239 240
195 199 200 240 241
196 200 201 241 242
197 201 202 242 243
198 202 203 243 244
199 203 204 244 245
200 205 206 246 247
201 206 207 247 248
202 207 208 248 249
203 208 209 249 250
204 209 210 250 251
205 210 211 251 252
206 211 212 252 253
207 212 213 253 254
208 213 214 254 255
209 214 215 255 256
210 215 216 256 257
211 216 217 257 258
212 217 218 258 259
213 218 219 259 260
214 219 220 260 261
215 220 221 261 262
216 221 222 262 263
217 222 223 263 264
218 223 224 264 265
219 224 225 265 266
220 225 226 266 267
221 226 227 267 268
222 227 228 268 269
223 228 229 269 270
224 229 230 270 271
225 230 231 271 272
226 231 232 272 273
227 232 233 273 274
228 233 234 274 275
229 234 235 275 276
230 235 236 276 277
231 236 237 277 278
232 237 238 278 279
233 238 239 279 280
234 239 240 280 281
235 240 241 281 282
236 241 242 282 283
237 242 243 283 284
238 243 244 284 285
239 244 245 285 286
240 246 247 287 288
241 247 248 288 289
242 248 249 289 290
243 249 250 290 291
244 250 251 291 292
245 251 252 292 293
246 252 253 293 294
247 253 254 294 295
248 254 255 295 296
249 255 256 296 297
250 256 257 297 298
251 257 258 298 299
252 258 259 299 300
253 259 260 300 301
254 260 261 301 302
255 261 262 302 303
256 262 263 303 304
257 263 264 304 305
258 264 265 305 306
259 265 266 306 307
260 266 267 307 308
261 267 268 308 309
262 268 269 309 310
263 269 270 310 311
264 270 271 311 312
265 271 272 312 313
266 272 273 313 314
267 273 274 314 315
268 274 275 315 316
269 275 276 316 317
270 276 277 317 318
271 277 278 318 319
272 278 279 319 320
273 279 280 320 321
274 280 281 321 322
275 281 282 322 323
276 282 283 323 324
277 283 284 324 325
278 284 285 325 326
279 285 286 326 327
280 287 288 328 329
281 288 289 329 330
282 289 290 330 331
283 290 291 331 332
284 291 292 332 333
285 292 293 333 334
286 293 294 334 335
287 294 295 335 336
288 295 296 336 337
289 296 297 337 338
290 297 298 338 339
291 298 299 339 340
292 299 300 340 341
293 300 301 341 342
294 301 302 342 343
295 302 303 343 344
296 303 304 344 345
297 304 305 345 346
298 305 306 346 347
299 306 307 347 348
300 307 308 348 349
301 308 309 349 350
302 309 310 350 351
303 310 311 351 352
304 311 312 352 353
305 312 313 353 354
306 313 314 354 355
307 314 315 355 356
308 315 316 356 357
309 316 317 357 358
310 317 318 358 359
311 318 319 359 360
312 319 320 360 361
313 320 321 361 362
314 321 322 362 363
315 322 323 363 364
316 323 324 364 365
317 324 325 365 366
318 325 326 366 367
319 326 327 367 368
320 328 329 369 370
321 329 330 370 371
322 330 331 371 372
323 331 332 372 373
324 332 333 373 374
325 333 334 374 375
326 334 335 375 376
327 335 336 376 377
328 336 337 377 378
329 337 338 378 379
330 338 339 379 380
331 339 340 380 381
332 340 341 381 382
333 341 342 382 383
334 342 343 383 384
335 343 344 384 385
336 344 345 385 386
337 345 346 386 387
338 346 347 387 388
339 347 348 388 389
340 348 349 389 390
341 349 350 390 391
342 350 351 391 392
343 351 352 392 393
344 352 353 393 394
345 353 354 394 395
346 354 355 395 396
347 355 356 396 397
348 356 357 397 398
349 357 358 398 399
350 358 359 399 400
351 359 360 400 401
352 360 361 401 402
353 361 362 402 403
354 362 363 403 404
355 363 364 404 405
356 364 365 405 406
357 365 366 406 407
358 366 367 407 408
359 367 368 408 409
360 369 370 410 411
361 370 371 411 412
362 371 372 412 413
363 372 373 413 414
364 373 374 414 415
365 374 375 415 416
366 375 376 416 417
367 376 377 417 418
368 377 378 418 419
369 378 379 419 420
370 379 380 420 421
371 380 381 421 422
372 381 382 422 423
373 382 383 423 424
374 383 384 424 425
375 384 385 425 426
376 385 386 426 427
377 386 387 427 428
378 387 388 428 429
379 388 389 429 430
380 389 390 430 431
381 390 391 431 432
382 391 392 432 433
383 392 393 433 434
384 393 394 434 435
385 394 395 435 436
386 395 396 436 437
387 396 397 437 438
388 397 398 438 439
389 398 399 439 440
390 399 400 440 441
391 400 401 441 442
392 401 402 442 443
393 402 403 443 444
394 403 404 444 445
395 404 405 445 446
396 405 406 446 447
397 406 407 447 448
398 407 408 448 449
399 408 409 449 450
400 410 411 451 452
401 411 412 452 453
402 412 413 453 454
403 413 414 454 455
404 414 415 455 456
405 415 416 456 457
406 416 417 457 458
407 417 418 458 459
408 418 419 459 460
409 419 420 460 461
410 420 421 461 462
411 421 422 462 463
412 422 423 463 464
413 423 424 464 465
414 424 425 465 466
415 425 426 466 467
416 426 427 467 468
417 427 428 468 469
418 428 429 469 470
419 429 430 470 471
420 430 431 471 472
421 431 432 472 473
422 432 433 473 474
423 433 434 474 475
424 434 435 475 476
425 435 436 476 477
426 436 437 477 478
427 437 438 478 479
428 438 439 479 480
429 439 440 480 481
430 440 441 481 482
431 441 442 482 483
432 442 443 483 484
433 443 444 484 485
434 444 445 485 486
435 445 446 486 487
436 446 447 487 488
437 447 448 488 489
438 448 449 489 490
439 449 450 490 491
440 451 452 492 493
441 452 453 493 494
442 453 454 494 495
443 454 455 495 496
444 455 456 496 497
445 456 457 497 498
446 457 458 498 499
447 458 459 499 500
448 459 460 500 501
449 460 461 501 502
450 461 462 502 503
451 462 463 503 504
452 463 464 504 505
453 464 465 505 506
454 465 466 506 507
455 466 467 507 508
456 467 468 508 509
457 468 469 509 510
458 469 470 510 511
459 470 471 511 512
460 471 472 512 513
461 472 473 513 514
462 473 474 514 515
463 474 475 515 516
464 475 476 516 517
465 476 477 517 518
466 477 478 518 519
467 478 479 519 520
468 479 480 520 521
469 480 481 521 522
470 481 482 522 523
471 482 483 523 524
472 483 484 524 525
473 484 485 525 526
474 485 486 526 527
475 486 487 527 528
476 487 488 528 529
477 488 489 529 530
478 489 490 530 531
479 490 491 531 532
480 492 493 533 534
481 493 494 534 535
482 494 495 535 536
483 495 496 536 537
484 496 497 537 538
485 497 498 538 539
486 498 499 539 540
487 499 500 540 541
488 500 501 541 542
489 501 502 542 543
490 502 503 543 544
491 503 504 544 545
492 504 505 545 546
493 505 506 546 547
494 506 507 547 548
495 507 508 548 549
496 508 509 549 550
497 509 510 550 551
498 510 511 551 552
499 511 512 552 553
500 512 513 553 554
501 513 514 554 555
502 514 515 555 556
503 515 516 556 557
504 516 517 557 558
505 517 518 558 559
506 518 519 559 560
507 519 520 560 561
508 520 521 561 562
509 521 522 562 563
510 522 523 563 564
511 523 524 564 565
512 524 525 565 566
513 525 526 566 567
514 526 527 567 568
515 527 528 568 569
516 528 529 569 570
517 529 530 570 571
518 530 531 571 572
519 531 532 572 573
520 533 534 574 575
521 534 535 575 576
522 535 536 576 577
523 536 537 577 578
524 537 538 578 579
525 538 539 579 580
526 539 540 580 581
527 540 541 581 582
528 541 542 582 583
529 542 543 583 584
530 543 544 584 585
531 544 545 585 586
532 545 546 586 587
533 546 547 587 588
534 547 548 588 589
535 548 549 589 590
536 549 550 590 591
537 550 551 591 592
538 551 552 592 593
539 552 553 593 594
540 553 554 594 595
541 554 555 595 596
542 555 556 596 597
543 556 557 597 598
544 557 558 598 599
545 558 559 599 600
546 559 560 600 601
547 560 561 601 602
548 561 562 602 603
549 562 563 603 604
550 563 564 604 605
551 564 565 605 606
552 565 566 606 607
553 566 567 607 608
554 567 568 608 609
555 568 569 609 610
556 569 570 610 611
557 570 571 611 612
558 571 572 612 613
559 572 573 613 614
560 574 575 615 616
561 575 576 616 617
562 576 577 617 618
563 577 578 618 619
564 578 579 619 620
565 579 580 620 621
566 580 581 621 622
567 581 582 622 623
568 582 583 623 624
569 583 584 624 625
570 584 585 625 626
571 585 586 626 627
572 586 587 627 628
573 587 588 628 629
574 588 589 629 630
575 589 590 630 631
576 590 591 631 632
577 591 592 632 633
578 592 593 633 634
579 593 594 634 635
580 594 595 635 636
581 595 596 636 637
582 596 597 637 638
583 597 598 638 639
584 598 599 639 640
585 599 600 640 641
586 600 601 641 642
587 601 602 642 643
588 602 603 643 644
589 603 604 644 645
590 604 605 645 646
591 605 606 646 647
592 606 607 647 648
593 607 608 648 649
594 608 609 649 650
595 609 610 650 651
596 610 611 651 652
597 611 612 652 653
598 612 613 653 654
599 613 614 654 655
600 615 616 656 657
601 616 617 657 658
602 617 618 658 659
603 618 619 659 660
604 619 620 660 661
605 620 621 661 662
606 621 622 662 663
607 622 623 663 664
608 623 624 664 665
609 624 625 665 666
610 625 626 666 667
611 626 627 667 668
612 627 628 668 669
613 628 629 669 670
614 629 630 670 671
615 630 631 671 672
616 631 632 672 673
617 632 633 673 674
618 633 634 674 675
619 634 635 675 676
620 635 636 676 677
621 636 637 677 678
622 637 638 678 679
623 638 639 679 680
624 639 640 680 681
625 640 641 681 682
626 641 642 682 683
627 642 643 683 684
628 643 644 684 685
629 644 645 685 686
630 645 646 686 687
631 646 647 687 688
632 647 648 688 689
633 648 649 689 690
634 649 650 690 691
635 650 651 691 692
636 651 652 692 693
637 652 653 693 694
638 653 654 694 695
639 654 655 695 696
640 656 657 697 698
641 657 658 698 699
642 658 659 699 700
643 659 660 700 701
644 660 661 701 702
645 661 662 702 703
646 662 663 703 704
647 663 664 704 705
648 664 665 705 706
649 665 666 706 707
650 666 667 707 708
651 667 668 708 709
652 668 669 709 710
653 669 670 710 711
654 670 671 711 712
655 671 672 712 713
656 672 673 713 714
657 673 674 714 715
658 674 675 715 716
659 675 676 716 717
660 676 677 717 718
661 677 678 718 719
662 678 679 719 720
663 679 680 720 721
664 680 681 721 722
665 681 682 722 723
666 682 683 723 724
667 683 684 724 725
668 684 685 725 726
669 685 686 726 727
670 686 687 727 728
671 687 688 728 729
672 688 689 729 730
673 689 690 730 731
674 690 691 731 732
675 691 692 732 733
676 692 693 733 734
677 693 694 734 735
678 694 695 735 736
679 695 696 736 737
680 697 698 738 739
681 698 699 739 740
682 699 700 740 741
683 700 701 741 742
684 701 702 742 743
685 702 703 743 744
686 703 704 744 745
687 704 705 745 746
688 705 706 746 747
689 706 707 747 748
690 707 708 748 749
691 708 709 749 750
692 709 710 750 751
693 710 711 751 752
694 711 712 752 753
695 712 713 753 754
696 713 714 754 755
697 714 715 755 756
698 715 716 756 757
699 716 717 757 758
700 717 718 758 759
701 718 719 759 760
702 719 720 760 761
703 720 721 761 762
704 721 722 762 763
705 722 723 763 764
706 723 724 764 765
707 724 725 765 766
708 725 726 766 767
709 726 727 767 768
710 727 728 768 769
711 728 729 769 770
712 729 730 770 771
713 730 731 771 772
714 731 732 772 773
715 732 733 773 774
716 733 734 774 775
717 734 735 775 776
718 735 736 776 777
719 736 737 777 778
720 738 739 779 780
721 739 740 780 781
722 740 741 781 782
723 741 742 782 783
724 742 743 783 784
725 743 744 784 785
726 744 745 785 786
727 745 746 786 787
728 746 747 787 788
729 747 748 788 789
730 748 749 789 790
731 749 750 790 791
732 750 751 791 792
733 751 752 792 793
734 752 753 793 794
735 753 754 794 795
736 754 755 795 796
737 755 756 796 797
738 756 757 797 798
739 757 758 798 799
740 758 759 799 800
741 759 760 800 801
742 760 761 801 802
743 761 762 802 803
744 762 763 803 804
745 763 764 804 805
746 764 765 805 806
747 765 766 806 807
748 766 767 807 808
749 767 768 808 809
750 768 769 809 810
751 769 770 810 811
752 770 771 811 812
753 771 772 812 813
754 772 773 813 814
755 773 774 814 815
756 774 775 815 816
757 775 776 816 817
758 776 777 817 818
759 777 778 818 819
760 779 780 820 821
761 780 781 821 822
762 781 782 822 823
763 782 783 823 824
764 783 784 824 825
765 784 785 825 826
766 785 786 826 827
767 786 787 827 828
768 787 788 828 829
769 788 789 829 830
770 789 790 830 831
771 790 791 831 832
772 791 792 832 833
773 792 793 833 834
774 793 794 834 835
775 794 795 835 836
776 795 796 836 837
777 796 797 837 838
778 797 798 838 839
779 798 799 839 840
780 799 800 840 841
781 800 801 841 842
782 801 802 842 843
783 802 803 843 844
784 803 804 844 845
785 804 805 845 846
786 805 806 846 847
787 806 807 847 848
788 807 808 848 849
789 808 809 849 850
790 809 810 850 851
791 810 811 851 852
792 811 812 852 853
793 812 813 853 854
794 813 814 854 855
795 814 815 855 856
796 815 816 856 857
797 816 817 857 858
798 817 818 858 859
799 818 819 859 860
800 820 821 861 862
801 821 822 862 863
802 822 823 863 864
803 823 824 864 865
804 824 825 865 866
805 825 826 866 867
806 826 827 867 868
807 827 828 868 869
808 828 829 869 870
809 829 830 870 871
810 830 831 871 872
811 831 832 872 873
812 832 833 873 874
813 833 834 874 875
814 834 835 875 876
815 835 836 876 877
816 836 837 877 878
817 837 838 878 879
818 838 839 879 880
819 839 840 880 881
820 840 841 881 882
821 841 842 882 883
822 842 843 883 884
823 843 844 884 885
824 844 845 885 886
825 845 846 886 887
826 846 847 887 888
827 847 848 888 889
828 848 849 889 890
829 849 850 890 891
830 850 851 891 892
831 851 852 892 893
832 852 853 893 894
833 853 854 894 895
834 854 855 895 896
835 855 856 896 897
836 856 857 897 898
837 857 858 898 899
838 858 859 899 900
839 859 860 900 901
840 861 862 902 903
841 862 863 903 904
842 863 864 904 905
843 864 865 905 906
844 865 866 906 907
845 866 867 907 908
846 867 868 908 909
847 868 869 909 910
848 869 870 910 911
849 870 871 911 912
850 871 872 912 913
851 872 873 913 914
852 873 874 914 915
853 874 875 915 916
854 875 876 916 917
855 876 877 917 918
856 877 878 918 919
857 878 879 919 920
858 879 880 920 921
859 880 881 921 922
860 881 882 922 923
861 882 883 923 924
862 883 884 924 925
863 884 885 925 926
864 885 886 926 927
865 886 887 927 928
866 887 888 928 929
867 888 889 929 930
868 889 890 930 931
869 890 891 931 932
870 891 892 932 933
871 892 893 933 934
872 893 894 934 935
873 894 895 935 936
874 895 896 936 937
875 896 897 937 938
876 897 898 938 939
877 898 899 939 940
878 899 900 940 941
879 900 901 941 942
880 902 903 943 944
881 903 904 944 945
882 904 905 945 946
883 905 906 946 947
884 906 907 947 948
885 907 908 948 949
886 908 909 949 950
887 909 910 950 951
888 910 911 951 952
889 911 912 952 953
890 912 913 953 954
891 913 914 954 955
892 914 915 955 956
893 915 916 956 957
894 916 917 957 958
895 917 918 958 959
896 918 919 959 960
897 919 920 960 961
898 920 921 961 962
899 921 922 962 963
900 922 923 963 964
901 923 924 964 965
902 924 925 965 966
903 925 926 966 967
904 926 927 967 968
905 927 928 968 969
906 928 929 969 970
907 929 930 970 971
908 930 931 971 972
909 931 932 972 973
910 932 933 973 974
911 933 934 974 975
912 934 935 975 976
913 935 936 976 977
914 936 937 977 978
915 937 938 978 979
916 938 939 979 980
917 939 940 980 981
918 940 941 981 982
919 941 942 982 983
920 943 944 984 985
921 944 945 985 986
922 945 946 986 987
923 946 947 987 988
924 947 948 988 989
925 948 949 989 990
926 949 950 990 991
927 950 951 991 992
928 951 952 992 993
929 952 953 993 994
930 953 954 994 995
931 954 955 995 996
932 955 956 996 997
933 956 957 997 998
934 957 958 998 999
935 958 959 999 1000
936 959 960 1000 1001
937 960 961 1001 1002
938 961 962 1002 1003
939 962 963 1003 1004
940 963 964 1004 1005
941 964 965 1005 1006
942 965 966 1006 1007
943 966 967 1007 1008
944 967 968 1008 1009
945 968 969 1009 1010
946 969 970 1010 1011
947 970 971 1011 1012
948 971 972 1012 1013
949 972 973 1013 1014
950 973 974 1014 1015
951 974 975 1015 1016
952 975 976 1016 1017
953 976 977 1017 1018
954 977 978 1018 1019
955 978 979 1019 1020
956 979 980 1020 1021
957 980 981 1021 1022
958 981 982 1022 1023
959 982 983 1023 1024
960 984 985 1025 1026
961 985 986 1026 1027
962 986 987 1027 1028
963 987 988 1028 1029
964 988 989 1029 1030
965 989 990 1030 1031
966 990 991 1031 1032
967 991 992 1032 1033
968 992 993 1033 1034
969 993 994 1034 1035
970 994 995 1035 1036
971 995 996 1036 1037
972 996 997 1037 1038
973 997 998 1038 1039
974 998 999 1039 1040
975 999 1000 1040 1041
976 1000 1001 1041 1042
977 1001 1002 1042 1043
978 1002 1003 1043 1044
979 1003 1004 1044 1045
980 1004 1005 1045 1046
981 1005 1006 1046 1047
982 1006 1007 1047 1048
983 1007 1008 1048 1049
984 1008 1009 1049 1050
985 1009 1010 1050 1051
986 1010 1011 1051 1052
987 1011 1012 1052 1053
988 1012 1013 1053 1054
989 1013 1014 1054 1055
990 1014 1015 1055 1056
991 1015 1016 1056 1057
992 1016 1017 1057 1058
993 1017 1018 1058 1059
994 1018 1019 1059 1060
995 1019 1020 1060 1061
996 1020 1021 1061 1062
997 1021 1022 1062 1063
998 1022 1023 1063 1064
999 1023 1024 1064 1065
1000 1025 1026 1066 1067
1001 1026 1027 1067 1068
1002 1027 1028 1068 1069
1003 1028 1029 1069 1070
1004 1029 1030 1070 1071
1005 1030 1031 1071 1072
1006 1031 1032 1072 1073
1007 1032 1033 1073 1074
1008 1033 1034 1074 1075
1009 1034 1035 1075 1076
1010 1035 1036 1076 1077
1011 1036 1037 1077 1078
1012 1037 1038 1078 1079
1013 1038 1039 1079 1080
1014 1039 1040 1080 1081
1015 1040 1041 1081 1082
1016 1041 1042 1082 1083
1017 1042 1043 1083 1084
1018 1043 1044 1084 1085
1019 1044 1045 1085 1086
1020 1045 1046 1086 1087
1021 1046 1047 1087 1088
1022 1047 1048 1088 1089
1023 1048 1049 1089 1090
1024 1049 1050 1090 1091
1025 1050 1051 1091 1092
1026 1051 1052 1092 1093
1027 1052 1053 1093 1094
1028 1053 1054 1094 1095
1029 1054 1055 1095 1096
1030 1055 1056 1096 1097
1031 1056 1057 1097 1098
1032 1057 1058 1098 1099
1033 1058 1059 1099 1100
1034 1059 1060 1100 1101
1035 1060 1061 1101 1102
1036 1061 1062 1102 1103
1037 1062 1063 1103 1104
1038 1063 1064 1104 1105
1039 1064 1065 1105 1106
1040 1066 1067 1107 1108
1041 1067 1068 1108 1109
1042 1068 1069 1109 1110
1043 1069 1070 1110 1111
1044 1070 1071 1111 1112
1045 1071 1072 1112 1113
1046 1072 1073 1113 1114
1047 1073 1074 1114 1115
1048 1074 1075 1115 1116
1049 1075 1076 1116 1117
1050 1076 1077 1117 1118
1051 1077 1078 1118 1119
1052 1078 1079 1119 1120
1053 1079 1080 1120 1121
1054 1080 1081 1121 1122
1055 1081 1082 1122 1123
1056 1082 1083 1123 1124
1057 1083 1084 1124 1125
1058 1084 1085 1125 1126
1059 1085 1086 1126 1127
1060 1086 1087 1127 1128
1061 1087 1088 1128 1129
1062 1088 1089 1129 1130
1063 1089 1090 1130 1131
1064 1090 1091 1131 1132
1065 1091 1092 1132 1133
1066 1092 1093 1133 1134
1067 1093 1094 1134 1135
1068 1094 1095 1135 1136
1069 1095 1096 1136 1137
1070 1096 1097 1137 1138
1071 1097 1098 1138 1139
1072 1098 1099 1139 1140
1073 1099 1100 1140 1141
1074 1100 1101 1141 1142
1075 1101 1102 1142 1143
1076 1102 1103 1143 1144
1077 1103 1104 1144 1145
1078 1104 1105 1145 1146
1079 1105 1106 1146 1147
1080 1107 1108 1148 1149
1081 1108 1109 1149 1150
1082 1109 1110 1150 1151
1083 1110 1111 1151 1152
1084 1111 1112 1152 1153
1085 1112 1113 1153 1154
1086 1113 1114 1154 1155
1087 1114 1115 1155 1156
1088 1115 1116 1156 1157
1089 1116 1117 1157 1158
1090 1117 1118 1158 1159
1091 1118 1119 1159 1160
1092 1119 1120 1160 1161
1093 1120 1121 1161 1162
1094 1121 1122 1162 1163
1095 1122 1123 1163 1164
1096 1123 1124 1164 1165
1097 1124 1125 1165 1166
1098 1125 1126 1166 1167
1099 1126 1127 1167 1168
1100 1127 1128 1168 1169
1101 1128 1129 1169 1170
1102 1129 1130 1170 1171
1103 1130 1131 1171 1172
1104 1131 1132 1172 1173
1105 1132 1133 1173 1174
1106 1133 1134 1174 1175
1107 1134 1135 1175 1176
1108 1135 1136 1176 1177
1109 1136 1137 1177 1178
1110 1137 1138 1178 1179
1111 1138 1139 1179 1180
1112 1139 1140 1180 1181
1113 1140 1141 1181 1182
1114 1141 1142 1182 1183
1115 1142 1143 1183 1184
1116 1143 1144 1184 1185
1117 1144 1145 1185 1186
1118 1145 1146 1186 1187
1119 1146 1147 1187 1188
1120 1148 1149 1189 1190
1121 1149 1150 1190 1191
1122 1150 1151 1191 1192
1123 1151 1152 1192 1193
1124 1152 1153 1193 1194
1125 1153 1154 1194 1195
1126 1154 1155 1195 1196
1127 1155 1156 1196 1197
1128 1156 1157 1197 1198
1129 1157 1158 1198 1199
1130 1158 1159 1199 1200
1131 1159 1160 1200 1201
1132 1160 1161 1201 1202
1133 1161 1162 1202 1203
1134 1162 1163 1203 1204
1135 1163 1164 1204 1205
1136 1164 1165 1205 1206
1137 1165 1166 1206 1207
1138 1166 1167 1207 1208
1139 1167 1168 1208 1209
1140 1168 1169 1209 1210
1141 1169 1170 1210 1211
1142 1170 1171 1211 1212
1143 1171 1172 1212 1213
1144 1172 1173 1213 1214
1145 1173 1174 1214 1215
1146 1174 1175 1215 1216
1147 1175 1176 1216 1217
1148 1176 1177 1217 1218
1149 1177 1178 1218 1219
1150 1178 1179 1219 1220
1151 1179 1180 1220 1221
1152 1180 1181 1221 1222
1153 1181 1182 1222 1223
1154 1182 1183 1223 1224
1155 1183 1184 1224 1225
1156 1184 1185 1225 1226
1157 1185 1186 1226 1227
1158 1186 1187 1227 1228
1159 1187 1188 1228 1229
1160 1189 1190 1230 1231
1161 1190 1191 1231 1232
1162 1191 1192 1232 1233
1163 1192 1193 1233 1234
1164 1193 1194 1234 1235
1165 1194 1195 1235 1236
1166 1195 1196 1236 1237
1167 1196 1197 1237 1238
1168 1197 1198 1238 1239
1169 1198 1199 1239 1240
1170 1199 1200 1240 1241
1171 1200 1201 1241 1242
1172 1201 1202 1242 1243
1173 1202 1203 1243 1244
1174 1203 1204 1244 1245
1175 1204 1205 1245 1246
1176 1205 1206 1246 1247
1177 1206 1207 1247 1248
1178 1207 1208 1248 1249
1179 1208 1209 1249 1250
1180 1209 1210 1250 1251
1181 1210 1211 1251 1252
1182 1211 1212 1252 1253
1183 1212 1213 1253 1254
1184 1213 1214 1254 1255
1185 1214 1215 1255 1256
1186 1215 1216 1256 1257
1187 1216 1217 1257 1258
1188 1217 1218 1258 1259
1189 1218 1219 1259 1260
1190 1219 1220 1260 1261
1191 1220 1221 1261 1262
1192 1221 1222 1262 1263
1193 1222 1223 1263 1264
1194 1223 1224 1264 1265
1195 1224 1225 1265 1266
1196 1225 1226 1266 1267
1197 1226 1227 1267 1268
1198 1227 1228 1268 1269
1199 1228 1229 1269 1270
1200 1230 1231 1271 1272
1201 1231 1232 1272 1273
1202 1232 1233 1273 1274
1203 1233 1234 1274 1275
1204 1234 1235 1275 1276
1205 1235 1236 1276 1277
1206 1236 1237 1277 1278
1207 1237 1238 1278 1279
1208 1238 1239 1279 1280
1209 1239 1240 1280 1281
1210 1240 1241 1281 1282
1211 1241 1242 1282 1283
1212 1242 1243 1283 1284
1213 1243 1244 1284 1285
1214 1244 1245 1285 1286
1215 1245 1246 1286 1287
1216 1246 1247 1287 1288
1217 1247 1248 1288 1289
1218 1248 1249 1289 1290
1219 1249 1250 1290 1291
1220 1250 1251 1291 1292
1221 1251 1252 1292 1293
1222 1252 1253 1293 1294
1223 1253 1254 1294 1295
1224 1254 1255 1295 1296
1225 1255 1256 1296 1297
1226 1256 1257 1297 1298
1227 1257 1258 1298 1299
1228 1258 1259 1299 1300
1229 1259 1260 1300 1301
1230 1260 1261 1301 1302
1231 1261 1262 1302 1303
1232 1262 1263 1303 1304
1233 1263 1264 1304 1305
1234 1264 1265 1305 1306
1235 1265 1266 1306 1307
1236 1266 1267 1307 1308
1237 1267 1268 1308 1309
1238 1268 1269 1309 1310
1239 1269 1270 1310 1311
1240 1271 1272 1312 1313
1241 1272 1273 1313 1314
1242 1273 1274 1314 1315
1243 1274 1275 1315 1316
1244 1275 1276 1316 1317
1245 1276 1277 1317 1318
1246 1277 1278 1318 1319
1247 1278 1279 1319 1320
1248 1279 1280 1320 1321
1249 1280 1281 1321 1322
1250 1281 1282 1322 1323
1251 1282 1283 1323 1324
1252 1283 1284 1324 1325
1253 1284 1285 1325 1326
1254 1285 1286 1326 1327
1255 1286 1287 1327 1328
1256 1287 1288 1328 1329
1257 1288 1289 1329 1330
1258 1289 1290 1330 1331
1259 1290 1291 1331 1332
1260 1291 1292 1332 1333
1261 1292 1293 1333 1334
1262 1293 1294 1334 1335
1263 1294 1295 1335 1336
1264 1295 1296 1336 1337
1265 1296 1297 1337 1338
1266 1297 1298 1338 1339
1267 1298 1299 1339 1340
1268 1299 1300 1340 1341
1269 1300 1301 1341 1342
1270 1301 1302 1342 1343
1271 1302 1303 1343 1344
1272 1303 1304 1344 1345
1273 1304 1305 1345 1346
1274 1305 1306 1346 1347
1275 1306 1307 1347 1348
1276 1307 1308 1348 1349
1277 1308 1309 1349 1350
1278 1309 1310 1350 1351
1279 1310 1311 1351 1352
1280 1312 1313 1353 1354
1281 1313 1314 1354 1355
1282 1314 1315 1355 1356
1283 1315 1316 1356 1357
1284 1316 1317 1357 1358
1285 1317 1318 1358 1359
1286 1318 1319 1359 1360
1287 1319 1320 1360 1361
1288 1320 1321 1361 1362
1289 1321 1322 1362 1363
1290 1322 1323 1363 1364
1291 1323 1324 1364 1365
1292 1324 1325 1365 1366
1293 1325 1326 1366 1367
1294 1326 1327 1367 1368
1295 1327 1328 1368 1369
1296 1328 1329 1369 1370
1297 1329 1330 1370 1371
1298 1330 1331 1371 1372
1299 1331 1332 1372 1373
1300 1332 1333 1373 1374
1301 1333 1334 1374 1375
1302 1334 1335 1375 1376
1303 1335 1336 1376 1377
1304 1336 1337 1377 1378
1305 1337 1338 1378 1379
1306 1338 1339 1379 1380
1307 1339 1340 1380 1381
1308 1340 1341 1381 1382
1309 1341 1342 1382 1383
1310 1342 1343 1383 1384
1311 1343 1344 1384 1385
1312 1344 1345 1385 1386
1313 1345 1346 1386 1387
1314 1346 1347 1387 1388
1315 1347 1348 1388 1389
1316 1348 1349 1389 1390
1317 1349 1350 1390 1391
1318 1350 1351 1391 1392
1319 1351 1352 1392 1393
1320 1353 1354 1394 1395
1321 1354 1355 1395 1396
1322 1355 1356 1396 1397
1323 1356 1357 1397 1398
1324 1357 1358 1398 1399
1325 1358 1359 1399 1400
1326 1359 1360 1400 1401
1327 1360 1361 1401 1402
1328 1361 1362 1402 1403
1329 1362 1363 1403 1404
1330 1363 1364 1404 1405
1331 1364 1365 1405 1406
1332 1365 1366 1406 1407
1333 1366 1367 1407 1408
1334 1367 1368 1408 1409
1335 1368 1369 1409 1410
1336 1369 1370 1410 1411
1337 1370 1371 1411 1412
1338 1371 1372 1412 1413
1339 1372 1373 1413 1414
1340 1373 1374 1414 1415
1341 1374 1375 1415 1416
1342 1375 1376 1416 1417
1343 1376 1377 1417 1418
1344 1377 1378 1418 1419
1345 1378 1379 1419 1420
1346 1379 1380 1420 1421
1347 1380 1381 1421 1422
1348 1381 1382 1422 1423
1349 1382 1383 1423 1424
1350 1383 1384 1424 1425
1351 1384 1385 1425 1426
1352 1385 1386 1426 1427
1353 1386 1387 1427 1428
1354 1387 1388 1428 1429
1355 1388 1389 1429 1430
1356 1389 1390 1430 1431
1357 1390 1391 1431 1432
1358 1391 1392 1432 1433
1359 1392 1393 1433 1434
1360 1394 1395 1435 1436
1361 1395 1396 1436 1437
1362 1396 1397 1437 1438
1363 1397 1398 1438 1439
1364 1398 1399 1439 1440
1365 1399 1400 1440 1441
1366 1400 1401 1441 1442
1367 1401 1402 1442 1443
1368 1402 1403 1443 1444
1369 1403 1404 1444 1445
1370 1404 1405 1445 1446
1371 1405 1406 1446 1447
1372 1406 1407 1447 1448
1373 1407 1408 1448 1449
1374 1408 1409 1449 1450
1375 1409 1410 1450 1451
1376 1410 1411 1451 1452
1377 1411 1412 1452 1453
1378 1412 1413 1453 1454
1379 1413 1414 1454 1455
1380 1414 1415 1455 1456
1381 1415 1416 1456 1457
1382 1416 1417 1457 1458
1383 1417 1418 1458 1459
1384 1418 1419 1459 1460
1385 1419 1420 1460 1461
1386 1420 1421 1461 1462
1387 1421 1422 1462 1463
1388 1422 1423 1463 1464
1389 1423 1424 1464 1465
1390 1424 1425 1465 1466
1391 1425 1426 1466 1467
1392 1426 1427 1467 1468
1393 1427 1428 1468 1469
1394 1428 1429 1469 1470
1395 1429 1430 1470 1471
1396 1430 1431 1471 1472
1397 1431 1432 1472 1473
1398 1432 1433 1473 1474
1399 1433 1434 1474 1475
1400 1435 1436 1476 1477
1401 1436 1437 1477 1478
1402 1437 1438 1478 1479
1403 1438 1439 1479 1480
1404 1439 1440 1480 1481
1405 1440 1441 1481 1482
1406 1441 1442 1482 1483
1407 1442 1443 1483 1484
1408 1443 1444 1484 1485
1409 1444 1445 1485 1486
1410 1445 1446 1486 1487
1411 1446 1447 1487 1488
1412 1447 1448 1488 1489
1413 1448 1449 1489 1490
1414 1449 1450 1490 1491
1415 1450 1451 1491 1492
1416 1451 1452 1492 1493
1417 1452 1453 1493 1494
1418 1453 1454 1494 1495
1419 1454 1455 1495 1496
1420 1455 1456 1496 1497
1421 1456 1457 1497 1498
1422 1457 1458 1498 1499
1423 1458 1459 1499 1500
1424 1459 1460 1500 1501
1425 1460 1461 1501 1502
1426 1461 1462 1502 1503
1427 1462 1463 1503 1504
1428 1463 1464 1504 1505
1429 1464 1465 1505 1506
1430 1465 1466 1506 1507
1431 1466 1467 1507 1508
1432 1467 1468 1508 1509
1433 1468 1469 1509 1510
1434 1469 1470 1510 1511
1435 1470 1471 1511 1512
1436 1471 1472 1512 1513
1437 1472 1473 1513 1514
1438 1473 1474 1514 1515
1439 1474 1475 1515 1516
1440 1476 1477 1517 1518
1441 1477 1478 1518 1519
1442 1478 1479 1519 1520
1443 1479 1480 1520 1521
1444 1480 1481 1521 1522
1445 1481 1482 1522 1523
1446 1482 1483 1523 1524
1447 1483 1484 1524 1525
1448 1484 1485 1525 1526
1449 1485 1486 1526 1527
1450 1486 1487 1527 1528
1451 1487 1488 1528 1529
1452 1488 1489 1529 1530
1453 1489 1490 1530 1531
1454 1490 1491 1531 1532
1455 1491 1492 1532 1533
1456 1492 1493 1533 1534
1457 1493 1494 1534 1535
1458 1494 1495 1535 1536
1459 1495 1496 1536 1537
1460 1496 1497 1537 1538
1461 1497 1498 1538 1539
1462 1498 1499 1539 1540
1463 1499 1500 1540 1541
1464 1500 1501 1541 1542
1465 1501 1502 1542 1543
1466 1502 1503 1543 1544
1467 1503 1504 1544 1545
1468 1504 1505 1545 1546
1469 1505 1506 1546 1547
1470 1506 1507 1547 1548
1471 1507 1508 1548 1549
1472 1508 1509 1549 1550
1473 1509 1510 1550 1551
1474 1510 1511 1551 1552
1475 1511 1512 1552 1553
1476 1512 1513 1553 1554
1477 1513 1514 1554 1555
1478 1514 1515 1555 1556
1479 1515 1516 1556 1557
1480 1517 1518 1558 1559
1481 1518 1519 1559 1560
1482 1519 1520 1560 1561
1483 1520 1521 1561 1562
1484 1521 1522 1562 1563
1485 1522 1523 1563 1564
1486 1523 1524 1564 1565
1487 1524 1525 1565 1566
1488 1525 1526 1566 1567
1489 1526 1527 1567 1568
1490 1527 1528 1568 1569
1491 1528 1529 1569 1570
1492 1529 1530 1570 1571
1493 1530 1531 1571 1572
1494 1531 1532 1572 1573
1495 1532 1533 1573 1574
1496 1533 1534 1574 1575
1497 1534 1535 1575 1576
1498 1535 1536 1576 1577
1499 1536 1537 1577 1578
1500 1537 1538 1578 1579
1501 1538 1539 1579 1580
1502 1539 1540 1580 1581
1503 1540 1541 1581 1582
1504 1541 1542 1582 1583
1505 1542 1543 1583 1584
1506 1543 1544 1584 1585
1507 1544 1545 1585 1586
1508 1545 1546 1586 1587
1509 1546 1547 1587 1588
1510 1547 1548 1588 1589
1511 1548 1549 1589 1590
1512 1549 1550 1590 1591
1513 1550 1551 1591 1592
1514 1551 1552 1592 1593
1515 1552 1553 1593 1594
1516 1553 1554 1594 1595
1517 1554 1555 1595 1596
1518 1555 1556 1596 1597
1519 1556 1557 1597 1598
1520 1558 1559 1599 1600
1521 1559 1560 1600 1601
1522 1560 1561 1601 1602
1523 1561 1562 1602 1603
1524 1562 1563 1603 1604
1525 1563 1564 1604 1605
1526 1564 1565 1605 1606
1527 1565 1566 1606 1607
1528 1566 1567 1607 1608
1529 1567 1568 1608 1609
1530 1568 1569 1609 1610
1531 1569 1570 1610 1611
1532 1570 1571 1611 1612
1533 1571 1572 1612 1613
1534 1572 1573 1613 1614
1535 1573 1574 1614 1615
1536 1574 1575 1615 1616
1537 1575 1576 1616 1617
1538 1576 1577 1617 1618
1539 1577 1578 1618 1619
1540 1578 1579 1619 1620
1541 1579 1580 1620 1621
1542 1580 1581 1621 1622
1543 1581 1582 1622 1623
1544 1582 1583 1623 1624
1545 1583 1584 1624 1625
1546 1584 1585 1625 1626
1547 1585 1586 1626 1627
1548 1586 1587 1627 1628
1549 1587 1588 1628 1629
1550 1588 1589 1629 1630
1551 1589 1590 1630 1631
1552 1590 1591 1631 1632
1553 1591 1592 1632 1633
1554 1592 1593 1633 1634
1555 1593 1594 1634 1635
1556 1594 1595 1635 1636
1557 1595 1596 1636 1637
1558 1596 1597 1637 1638
1559 1597 1598 1638 1639
1560 1599 1600 1640 1641
1561 1600 1601 1641 1642
1562 1601 1602 1642 1643
1563 1602 1603 1643 1644
1564 1603 1604 1644 1645
1565 1604 1605 1645 1646
1566 1605 1606 1646 1647
1567 1606 1607 1647 1648
1568 1607 1608 1648 1649
1569 1608 1609 1649 1650
1570 1609 1610 1650 1651
1571 1610 1611 1651 1652
1572 1611 1612 1652 1653
1573 1612 1613 1653 1654
1574 1613 1614 1654 1655
1575 1614 1615 1655 1656
1576 1615 1616 1656 1657
1577 1616 1617 1657 1658
1578 1617 1618 1658 1659
1579 1618 1619 1659 1660
1580 1619 1620 1660 1661
1581 1620 1621 1661 1662
1582 1621 1622 1662 1663
1583 1622 1623 1663 1664
1584 1623 1624 1664 1665
1585 1624 1625 1665 1666
1586 1625 1626 1666 1667
1587 1626 1627 1667 1668
1588 1627 1628 1668 1669
1589 1628 1629 1669 1670
1590 1629 1630 1670 1671
1591 1630 1631 1671 1672
1592 1631 1632 1672 1673
1593 1632 1633 1673 1674
1594 1633 1634 1674 1675
1595 1634 1635 1675 1676
1596 1635 1636 1676 1677
1597 1636 1637 1677 1678
1598 1637 1638 1678 1679
1599 1638 1639 1679 1680
