1681
0 0 -10000
1 22.5941 -10000
2 47.4477 -10000
3 74.7866 -10000
4 104.859 -10000
5 137.94 -10000
6 174.328 -10000
7 214.355 -10000
8 258.384 -10000
9 306.817 -10000
10 360.092 -10000
11 418.696 -10000
12 483.16 -10000
13 554.07 -10000
14 632.071 -10000
15 717.872 -10000
16 812.253 -10000
17 916.073 -10000
18 1030.27 -10000
19 1155.9 -10000
20 1294.08 -10000
21 1446.08 -10000
22 1613.28 -10000
23 1797.21 -10000
24 1999.52 -10000
25 2222.07 -10000
26 2466.87 -10000
27 2736.15 -10000
28 3032.36 -10000
29 3358.19 -10000
30 3716.6 -10000
31 4110.86 -10000
32 4544.54 -10000
33 5021.58 -10000
34 5546.34 -10000
35 6123.56 -10000
36 6758.51 -10000
37 7456.96 -10000
38 8225.25 -10000
39 9070.37 -10000
40 10000 -10000
41 0 -9038.77
42 22.5941 -9038.77
43 47.4477 -9038.77
44 74.7866 -9038.77
45 104.859 -9038.77
46 137.94 -9038.77
47 174.328 -9038.77
48 214.355 -9038.77
49 258.384 -9038.77
50 306.817 -9038.77
51 360.092 -9038.77
52 418.696 -9038.77
53 483.16 -9038.77
54 554.07 -9038.77
55 632.071 -9038.77
56 717.872 -9038.77
57 812.253 -9038.77
58 916.073 -9038.77
59 1030.27 -9038.77
60 1155.9 -9038.77
61 1294.08 -9038.77
62 1446.08 -9038.77
63 1613.28 -9038.77
64 1797.21 -9038.77
65 1999.52 -9038.77
66 2222.07 -9038.77
67 2466.87 -9038.77
68 2736.15 -9038.77
69 3032.36 -9038.77
70 3358.19 -9038.77
71 3716.6 -9038.77
72 4110.86 -9038.77
73 4544.54 -9038.77
74 5021.58 -9038.77
75 5546.34 -9038.77
76 6123.56 -9038.77
77 6758.51 -9038.77
78 7456.96 -9038.77
79 8225.25 -9038.77
80 9070.37 -9038.77
81 10000 -9038.77
82 0 -8164.93
83 22.5941 -8164.93
84 47.4477 -8164.93
85 74.7866 -8164.93
86 104.859 -8164.93
87 137.94 -8164.93
88 174.328 -8164.93
89 214.355 -8164.93
90 258.384 -8164.93
91 306.817 -8164.93
92 360.092 -8164.93
93 418.696 -8164.93
94 483.16 -8164.93
95 554.07 -8164.93
96 632.071 -8164.93
97 717.872 -8164.93
98 812.253 -8164.93
99 916.073 -8164.93
100 1030.27 -8164.93
101 1155.9 -8164.93
102 1294.08 -8164.93
103 1446.08 -8164.93
104 1613.28 -8164.93
105 1797.21 -8164.93
106 1999.52 -8164.93
107 2222.07 -8164.93
108 2466.87 -8164.93
109 2736.15 -8164.93
110 3032.36 -8164.93
111 3358.19 -8164.93
112 3716.6 -8164.93
113 4110.86 -8164.93
114 4544.54 -8164.93
115 5021.58 -8164.93
116 5546.34 -8164.93
117 6123.56 -8164.93
118 6758.51 -8164.93
119 7456.96 -8164.93
120 8225.25 -8164.93
121 9070.37 -8164.93
122 10000 -8164.93
123 0 -7370.53
124 22.5941 -7370.53
125 47.4477 -7370.53
126 74.7866 -7370.53
127 104.859 -7370.53
128 137.94 -7370.53
129 174.328 -7370.53
130 214.355 -7370.53
131 258.384 -7370.53
132 306.817 -7370.53
133 360.092 -7370.53
134 418.696 -7370.53
135 483.16 -7370.53
136 554.07 -7370.53
137 632.071 -7370.53
138 717.872 -7370.53
139 812.253 -7370.53
140 916.073 -7370.53
141 1030.27 -7370.53
142 1155.9 -7370.53
143 1294.08 -7370.53
144 1446.08 -7370.53
145 1613.28 -7370.53
146 1797.21 -7370.53
147 1999.52 -7370.53
148 2222.07 -7370.53
149 2466.87 -7370.53
150 2736.15 -7370.53
151 3032.36 -7370.53
152 3358.19 -7370.53
153 3716.6 -7370.53
154 4110.86 -7370.53
155 4544.54 -7370.53
156 5021.58 -7370.53
157 5546.34 -7370.53
158 6123.56 -7370.53
159 6758.51 -7370.53
160 7456.96 -7370.53
161 8225.25 -7370.53
162 9070.37 -7370.53
163 10000 -7370.53
164 0 -6648.35
165 22.5941 -6648.35
166 47.4477 -6648.35
167 74.7866 -6648.35
168 104.859 -6648.35
169 137.94 -6648.35
170 174.328 -6648.35
171 214.355 -6648.35
172 258.384 -6648.35
173 306.817 -6648.35
174 360.092 -6648.35
175 418.696 -6648.35
176 483.16 -6648.35
177 554.07 -6648.35
178 632.071 -6648.35
179 717.872 -6648.35
180 812.253 -6648.35
181 916.073 -6648.35
182 1030.27 -6648.35
183 1155.9 -6648.35
184 1294.08 -6648.35
185 1446.08 -6648.35
186 1613.28 -6648.35
187 1797.21 -6648.35
188 1999.52 -6648.35
189 2222.07 -6648.35
190 2466.87 -6648.35
191 2736.15 -6648.35
192 3032.36 -6648.35
193 3358.19 -6648.35
194 3716.6 -6648.35
195 4110.86 -6648.35
196 4544.54 -6648.35
197 5021.58 -6648.35
198 5546.34 -6648.35
199 6123.56 -6648.35
200 6758.51 -6648.35
201 7456.96 -6648.35
202 8225.25 -6648.35
203 9070.37 -6648.35
204 10000 -6648.35
205 0 -5991.82
206 22.5941 -5991.82
207 47.4477 -5991.82
208 74.7866 -5991.82
209 104.859 -5991.82
210 137.94 -5991.82
211 174.328 -5991.82
212 214.355 -5991.82
213 258.384 -5991.82
214 306.817 -5991.82
215 360.092 -5991.82
216 418.696 -5991.82
217 483.16 -5991.82
218 554.07 -5991.82
219 632.071 -5991.82
220 717.872 -5991.82
221 812.253 -5991.82
222 916.073 -5991.82
223 1030.27 -5991.82
224 1155.9 -5991.82
225 1294.08 -5991.82
226 1446.08 -5991.82
227 1613.28 -5991.82
228 1797.21 -5991.82
229 1999.52 -5991.82
230 2222.07 -5991.82
231 2466.87 -5991.82
232 2736.15 -5991.82
233 3032.36 -5991.82
234 3358.19 -5991.82
235 3716.6 -5991.82
236 4110.86 -5991.82
237 4544.54 -5991.82
238 5021.58 -5991.82
239 5546.34 -5991.82
240 6123.56 -5991.82
241 6758.51 -5991.82
242 7456.96 -5991.82
243 8225.25 -5991.82
244 9070.37 -5991.82
245 10000 -5991.82
246 0 -5394.97
247 22.5941 -5394.97
248 47.4477 -5394.97
249 74.7866 -5394.97
250 104.859 -5394.97
251 137.94 -5394.97
252 174.328 -5394.97
253 214.355 -5394.97
254 258.384 -5394.97
255 306.817 -5394.97
256 360.092 -5394.97
257 418.696 -5394.97
258 483.16 -5394.97
259 554.07 -5394.97
260 632.071 -5394.97
261 717.872 -5394.97
262 812.253 -5394.97
263 916.073 -5394.97
264 1030.27 -5394.97
265 1155.9 -5394.97
266 1294.08 -5394.97
267 1446.08 -5394.97
268 1613.28 -5394.97
269 1797.21 -5394.97
270 1999.52 -5394.97
271 2222.07 -5394.97
272 2466.87 -5394.97
273 2736.15 -5394.97
274 3032.36 -5394.97
275 3358.19 -5394.97
276 3716.6 -5394.97
277 4110.86 -5394.97
278 4544.54 -5394.97
279 5021.58 -5394.97
280 5546.34 -5394.97
281 6123.56 -5394.97
282 6758.51 -5394.97
283 7456.96 -5394.97
284 8225.25 -5394.97
285 9070.37 -5394.97
286 10000 -5394.97
287 0 -4852.39
288 22.5941 -4852.39
289 47.4477 -4852.39
290 74.7866 -4852.39
291 104.859 -4852.39
292 137.94 -4852.39
293 174.328 -4852.39
294 214.355 -4852.39
295 258.384 -4852.39
296 306.817 -4852.39
297 360.092 -4852.39
298 418.696 -4852.39
299 483.16 -4852.39
300 554.07 -4852.39
301 632.071 -4852.39
302 717.872 -4852.39
303 812.253 -4852.39
304 916.073 -4852.39
305 1030.27 -4852.39
306 1155.9 -4852.39
307 1294.08 -4852.39
308 1446.08 -4852.39
309 1613.28 -4852.39
310 1797.21 -4852.39
311 1999.52 -4852.39
312 2222.07 -4852.39
313 2466.87 -4852.39
314 2736.15 -4852.39
315 3032.36 -4852.39
316 3358.19 -4852.39
317 3716.6 -4852.39
318 4110.86 -4852.39
319 4544.54 -4852.39
320 5021.58 -4852.39
321 5546.34 -4852.39
322 6123.56 -4852.39
323 6758.51 -4852.39
324 7456.96 -4852.39
325 8225.25 -4852.39
326 9070.37 -4852.39
327 10000 -4852.39
328 0 -4359.13
329 22.5941 -4359.13
330 47.4477 -4359.13
331 74.7866 -4359.13
332 104.859 -4359.13
333 137.94 -4359.13
334 174.328 -4359.13
335 214.355 -4359.13
336 258.384 -4359.13
337 306.817 -4359.13
338 360.092 -4359.13
339 418.696 -4359.13
340 483.16 -4359.13
341 554.07 -4359.13
342 632.071 -4359.13
343 717.872 -4359.13
344 812.253 -4359.13
345 916.073 -4359.13
346 1030.27 -4359.13
347 1155.9 -4359.13
348 1294.08 -4359.13
349 1446.08 -4359.13
350 1613.28 -4359.13
351 1797.21 -4359.13
352 1999.52 -4359.13
353 2222.07 -4359.13
354 2466.87 -4359.13
355 2736.15 -4359.13
356 3032.36 -4359.13
357 3358.19 -4359.13
358 3716.6 -4359.13
359 4110.86 -4359.13
360 4544.54 -4359.13
361 5021.58 -4359.13
362 5546.34 -4359.13
363 6123.56 -4359.13
364 6758.51 -4359.13
365 7456.96 -4359.13
366 8225.25 -4359.13
367 9070.37 -4359.13
368 10000 -4359.13
369 0 -3910.71
370 22.5941 -3910.71
371 47.4477 -3910.71
372 74.7866 -3910.71
373 104.859 -3910.71
374 137.94 -3910.71
375 174.328 -3910.71
376 214.355 -3910.71
377 258.384 -3910.71
378 306.817 -3910.71
379 360.092 -3910.71
380 418.696 -3910.71
381 483.16 -3910.71
382 554.07 -3910.71
383 632.071 -3910.71
384 717.872 -3910.71
385 812.253 -3910.71
386 916.073 -3910.71
387 1030.27 -3910.71
388 1155.9 -3910.71
389 1294.08 -3910.71
390 1446.08 -3910.71
391 1613.28 -3910.71
392 1797.21 -3910.71
393 1999.52 -3910.71
394 2222.07 -3910.71
395 2466.87 -3910.71
396 2736.15 -3910.71
397 3032.36 -3910.71
398 3358.19 -3910.71
399 3716.6 -3910.71
400 4110.86 -3910.71
401 4544.54 -3910.71
402 5021.58 -3910.71
403 5546.34 -3910.71
404 6123.56 -3910.71
405 6758.51 -3910.71
406 7456.96 -3910.71
407 8225.25 -3910.71
408 9070.37 -3910.71
409 10000 -3910.71
410 0 -3503.06
411 22.5941 -3503.06
412 47.4477 -3503.06
413 74.7866 -3503.06
414 104.859 -3503.06
415 137.94 -3503.06
416 174.328 -3503.06
417 214.355 -3503.06
418 258.384 -3503.06
419 306.817 -3503.06
420 360.092 -3503.06
421 418.696 -3503.06
422 483.16 -3503.06
423 554.07 -3503.06
424 632.071 -3503.06
425 717.872 -3503.06
426 812.253 -3503.06
427 916.073 -3503.06
428 1030.27 -3503.06
429 1155.9 -3503.06
430 1294.08 -3503.06
431 1446.08 -3503.06
432 1613.28 -3503.06
433 1797.21 -3503.06
434 1999.52 -3503.06
435 2222.07 -3503.06
436 2466.87 -3503.06
437 2736.15 -3503.06
438 3032.36 -3503.06
439 3358.19 -3503.06
440 3716.6 -3503.06
441 4110.86 -3503.06
442 4544.54 -3503.06
443 5021.58 -3503.06
444 5546.34 -3503.06
445 6123.56 -3503.06
446 6758.51 -3503.06
447 7456.96 -3503.06
448 8225.25 -3503.06
449 9070.37 -3503.06
450 10000 -3503.06
451 0 -3132.46
452 22.5941 -3132.46
453 47.4477 -3132.46
454 74.7866 -3132.46
455 104.859 -3132.46
456 137.94 -3132.46
457 174.328 -3132.46
458 214.355 -3132.46
459 258.384 -3132.46
460 306.817 -3132.46
461 360.092 -3132.46
462 418.696 -3132.46
463 483.16 -3132.46
464 554.07 -3132.46
465 632.071 -3132.46
466 717.872 -3132.46
467 812.253 -3132.46
468 916.073 -3132.46
469 1030.27 -3132.46
470 1155.9 -3132.46
471 1294.08 -3132.46
472 1446.08 -3132.46
473 1613.28 -3132.46
474 1797.21 -3132.46
475 1999.52 -3132.46
476 2222.07 -3132.46
477 2466.87 -3132.46
478 2736.15 -3132.46
479 3032.36 -3132.46
480 3358.19 -3132.46
481 3716.6 -3132.46
482 4110.86 -3132.46
483 4544.54 -3132.46
484 5021.58 -3132.46
485 5546.34 -3132.46
486 6123.56 -3132.46
487 6758.51 -3132.46
488 7456.96 -3132.46
489 8225.25 -3132.46
490 9070.37 -3132.46
491 10000 -3132.46
492 0 -2795.56
493 22.5941 -2795.56
494 47.4477 -2795.56
495 74.7866 -2795.56
496 104.859 -2795.56
497 137.94 -2795.56
498 174.328 -2795.56
499 214.355 -2795.56
500 258.384 -2795.56
501 306.817 -2795.56
502 360.092 -2795.56
503 418.696 -2795.56
504 483.16 -2795.56
505 554.07 -2795.56
506 632.071 -2795.56
507 717.872 -2795.56
508 812.253 -2795.56
509 916.073 -2795.56
510 1030.27 -2795.56
511 1155.9 -2795.56
512 1294.08 -2795.56
513 1446.08 -2795.56
514 1613.28 -2795.56
515 1797.21 -2795.56
516 1999.52 -2795.56
517 2222.07 -2795.56
518 2466.87 -2795.56
519 2736.15 -2795.56
520 3032.36 -2795.56
521 3358.19 -2795.56
522 3716.6 -2795.56
523 4110.86 -2795.56
524 4544.54 -2795.56
525 5021.58 -2795.56
526 5546.34 -2795.56
527 6123.56 -2795.56
528 6758.51 -2795.56
529 7456.96 -2795.56
530 8225.25 -2795.56
531 9070.37 -2795.56
532 10000 -2795.56
533 0 -2489.28
534 22.5941 -2489.28
535 47.4477 -2489.28
536 74.7866 -2489.28
537 104.859 -2489.28
538 137.94 -2489.28
539 174.328 -2489.28
540 214.355 -2489.28
541 258.384 -2489.28
542 306.817 -2489.28
543 360.092 -2489.28
544 418.696 -2489.28
545 483.16 -2489.28
546 554.07 -2489.28
547 632.071 -2489.28
548 717.872 -2489.28
549 812.253 -2489.28
550 916.073 -2489.28
551 1030.27 -2489.28
552 1155.9 -2489.28
553 1294.08 -2489.28
554 1446.08 -2489.28
555 1613.28 -2489.28
556 1797.21 -2489.28
557 1999.52 -2489.28
558 2222.07 -2489.28
559 2466.87 -2489.28
560 2736.15 -2489.28
561 3032.36 -2489.28
562 3358.19 -2489.28
563 3716.6 -2489.28
564 4110.86 -2489.28
565 4544.54 -2489.28
566 5021.58 -2489.28
567 5546.34 -2489.28
568 6123.56 -2489.28
569 6758.51 -2489.28
570 7456.96 -2489.28
571 8225.25 -2489.28
572 9070.37 -2489.28
573 10000 -2489.28
574 0 -2210.85
575 22.5941 -2210.85
576 47.4477 -2210.85
577 74.7866 -2210.85
578 104.859 -2210.85
579 137.94 -2210.85
580 174.328 -2210.85
581 214.355 -2210.85
582 258.384 -2210.85
583 306.817 -2210.85
584 360.092 -2210.85
585 418.696 -2210.85
586 483.16 -2210.85
587 554.07 -2210.85
588 632.071 -2210.85
589 717.872 -2210.85
590 812.253 -2210.85
591 916.073 -2210.85
592 1030.27 -2210.85
593 1155.9 -2210.85
594 1294.08 -2210.85
595 1446.08 -2210.85
596 1613.28 -2210.85
597 1797.21 -2210.85
598 1999.52 -2210.85
599 2222.07 -2210.85
600 2466.87 -2210.85
601 2736.15 -2210.85
602 3032.36 -2210.85
603 3358.19 -2210.85
604 3716.6 -2210.85
605 4110.86 -2210.85
606 4544.54 -2210.85
607 5021.58 -2210.85
608 5546.34 -2210.85
609 6123.56 -2210.85
610 6758.51 -2210.85
611 7456.96 -2210.85
612 8225.25 -2210.85
613 9070.37 -2210.85
614 10000 -2210.85
615 0 -1957.73
616 22.5941 -1957.73
617 47.4477 -1957.73
618 74.7866 -1957.73
619 104.859 -1957.73
620 137.94 -1957.73
621 174.328 -1957.73
622 214.355 -1957.73
623 258.384 -1957.73
624 306.817 -1957.73
625 360.092 -1957.73
626 418.696 -1957.73
627 483.16 -1957.73
628 554.07 -1957.73
629 632.071 -1957.73
630 717.872 -1957.73
631 812.253 -1957.73
632 916.073 -1957.73
633 1030.27 -1957.73
634 1155.9 -1957.73
635 1294.08 -1957.73
636 1446.08 -1957.73
637 1613.28 -1957.73
638 1797.21 -1957.73
639 1999.52 -1957.73
640 2222.07 -1957.73
641 2466.87 -1957.73
642 2736.15 -1957.73
643 3032.36 -1957.73
644 3358.19 -1957.73
645 3716.6 -1957.73
646 4110.86 -1957.73
647 4544.54 -1957.73
648 5021.58 -1957.73
649 5546.34 -1957.73
650 6123.56 -1957.73
651 6758.51 -1957.73
652 7456.96 -1957.73
653 8225.25 -1957.73
654 9070.37 -1957.73
655 10000 -1957.73
656 0 -1727.62
657 22.5941 -1727.62
658 47.4477 -1727.62
659 74.7866 -1727.62
660 104.859 -1727.62
661 137.94 -1727.62
662 174.328 -1727.62
663 214.355 -1727.62
664 258.384 -1727.62
665 306.817 -1727.62
666 360.092 -1727.62
667 418.696 -1727.62
668 483.16 -1727.62
669 554.07 -1727.62
670 632.071 -1727.62
671 717.872 -1727.62
672 812.253 -1727.62
673 916.073 -1727.62
674 1030.27 -1727.62
675 1155.9 -1727.62
676 1294.08 -1727.62
677 1446.08 -1727.62
678 1613.28 -1727.62
679 1797.21 -1727.62
680 1999.52 -1727.62
681 2222.07 -1727.62
682 2466.87 -1727.62
683 2736.15 -1727.62
684 3032.36 -1727.62
685 3358.19 -1727.62
686 3716.6 -1727.62
687 4110.86 -1727.62
688 4544.54 -1727.62
689 5021.58 -1727.62
690 5546.34 -1727.62
691 6123.56 -1727.62
692 6758.51 -1727.62
693 7456.96 -1727.62
694 8225.25 -1727.62
695 9070.37 -1727.62
696 10000 -1727.62
697 0 -1518.43
698 22.5941 -1518.43
699 47.4477 -1518.43
700 74.7866 -1518.43
701 104.859 -1518.43
702 137.94 -1518.43
703 174.328 -1518.43
704 214.355 -1518.43
705 258.384 -1518.43
706 306.817 -1518.43
707 360.092 -1518.43
708 418.696 -1518.43
709 483.16 -1518.43
710 554.07 -1518.43
711 632.071 -1518.43
712 717.872 -1518.43
713 812.253 -1518.43
714 916.073 -1518.43
715 1030.27 -1518.43
716 1155.9 -1518.43
717 1294.08 -1518.43
718 1446.08 -1518.43
719 1613.28 -1518.43
720 1797.21 -1518.43
721 1999.52 -1518.43
722 2222.07 -1518.43
723 2466.87 -1518.43
724 2736.15 -1518.43
725 3032.36 -1518.43
726 3358.19 -1518.43
727 3716.6 -1518.43
728 4110.86 -1518.43
729 4544.54 -1518.43
730 5021.58 -1518.43
731 5546.34 -1518.43
732 6123.56 -1518.43
733 6758.51 -1518.43
734 7456.96 -1518.43
735 8225.25 -1518.43
736 9070.37 -1518.43
737 10000 -1518.43
738 0 -1328.25
739 22.5941 -1328.25
740 47.4477 -1328.25
741 74.7866 -1328.25
742 104.859 -1328.25
743 137.94 -1328.25
744 174.328 -1328.25
745 214.355 -1328.25
746 258.384 -1328.25
747 306.817 -1328.25
748 360.092 -1328.25
749 418.696 -1328.25
750 483.16 -1328.25
751 554.07 -1328.25
752 632.071 -1328.25
753 717.872 -1328.25
754 812.253 -1328.25
755 916.073 -1328.25
756 1030.27 -1328.25
757 1155.9 -1328.25
758 1294.08 -1328.25
759 1446.08 -1328.25
760 1613.28 -1328.25
761 1797.21 -1328.25
762 1999.52 -1328.25
763 2222.07 -1328.25
764 2466.87 -1328.25
765 2736.15 -1328.25
766 3032.36 -1328.25
767 3358.19 -1328.25
768 3716.6 -1328.25
769 4110.86 -1328.25
770 4544.54 -1328.25
771 5021.58 -1328.25
772 5546.34 -1328.25
773 6123.56 -1328.25
774 6758.51 -1328.25
775 7456.96 -1328.25
776 8225.25 -1328.25
777 9070.37 -1328.25
778 10000 -1328.25
779 0 -1155.37
780 22.5941 -1155.37
781 47.4477 -1155.37
782 74.7866 -1155.37
783 104.859 -1155.37
784 137.94 -1155.37
785 174.328 -1155.37
786 214.355 -1155.37
787 258.384 -1155.37
788 306.817 -1155.37
789 360.092 -1155.37
790 418.696 -1155.37
791 483.16 -1155.37
792 554.07 -1155.37
793 632.071 -1155.37
794 717.872 -1155.37
795 812.253 -1155.37
796 916.073 -1155.37
797 1030.27 -1155.37
798 1155.9 -1155.37
799 1294.08 -1155.37
800 1446.08 -1155.37
801 1613.28 -1155.37
802 1797.21 -1155.37
803 1999.52 -1155.37
804 2222.07 -1155.37
805 2466.87 -1155.37
806 2736.15 -1155.37
807 3032.36 -1155.37
808 3358.19 -1155.37
809 3716.6 -1155.37
810 4110.86 -1155.37
811 4544.54 -1155.37
812 5021.58 -1155.37
813 5546.34 -1155.37
814 6123.56 -1155.37
815 6758.51 -1155.37
816 7456.96 -1155.37
817 8225.25 -1155.37
818 9070.37 -1155.37
819 10000 -1155.37
820 0 -998.201
821 22.5941 -998.201
822 47.4477 -998.201
823 74.7866 -998.201
824 104.859 -998.201
825 137.94 -998.201
826 174.328 -998.201
827 214.355 -998.201
828 258.384 -998.201
829 306.817 -998.201
830 360.092 -998.201
831 418.696 -998.201
832 483.16 -998.201
833 554.07 -998.201
834 632.071 -998.201
835 717.872 -998.201
836 812.253 -998.201
837 916.073 -998.201
838 1030.27 -998.201
839 1155.9 -998.201
840 1294.08 -998.201
841 1446.08 -998.201
842 1613.28 -998.201
843 1797.21 -998.201
844 1999.52 -998.201
845 2222.07 -998.201
846 2466.87 -998.201
847 2736.15 -998.201
848 3032.36 -998.201
849 3358.19 -998.201
850 3716.6 -998.201
851 4110.86 -998.201
852 4544.54 -998.201
853 5021.58 -998.201
854 5546.34 -998.201
855 6123.56 -998.201
856 6758.51 -998.201
857 7456.96 -998.201
858 8225.25 -998.201
859 9070.37 -998.201
860 10000 -998.201
861 0 -855.321
862 22.5941 -855.321
863 47.4477 -855.321
864 74.7866 -855.321
865 104.859 -855.321
866 137.94 -855.321
867 174.328 -855.321
868 214.355 -855.321
869 258.384 -855.321
870 306.817 -855.321
871 360.092 -855.321
872 418.696 -855.321
873 483.16 -855.321
874 554.07 -855.321
875 632.071 -855.321
876 717.872 -855.321
877 812.253 -855.321
878 916.073 -855.321
879 1030.27 -855.321
880 1155.9 -855.321
881 1294.08 -855.321
882 1446.08 -855.321
883 1613.28 -855.321
884 1797.21 -855.321
885 1999.52 -855.321
886 2222.07 -855.321
887 2466.87 -855.321
888 2736.15 -855.321
889 3032.36 -855.321
890 3358.19 -855.321
891 3716.6 -855.321
892 4110.86 -855.321
893 4544.54 -855.321
894 5021.58 -855.321
895 5546.34 -855.321
896 6123.56 -855.321
897 6758.51 -855.321
898 7456.96 -855.321
899 8225.25 -855.321
900 9070.37 -855.321
901 10000 -855.321
902 0 -725.431
903 22.5941 -725.431
904 47.4477 -725.431
905 74.7866 -725.431
906 104.859 -725.431
907 137.94 -725.431
908 174.328 -725.431
909 214.355 -725.431
910 258.384 -725.431
911 306.817 -725.431
912 360.092 -725.431
913 418.696 -725.431
914 483.16 -725.431
915 554.07 -725.431
916 632.071 -725.431
917 717.872 -725.431
918 812.253 -725.431
919 916.073 -725.431
920 1030.27 -725.431
921 1155.9 -725.431
922 1294.08 -725.431
923 1446.08 -725.431
924 1613.28 -725.431
925 1797.21 -725.431
926 1999.52 -725.431
927 2222.07 -725.431
928 2466.87 -725.431
929 2736.15 -725.431
930 3032.36 -725.431
931 3358.19 -725.431
932 3716.6 -725.431
933 4110.86 -725.431
934 4544.54 -725.431
935 5021.58 -725.431
936 5546.34 -725.431
937 6123.56 -725.431
938 6758.51 -725.431
939 7456.96 -725.431
940 8225.25 -725.431
941 9070.37 -725.431
942 10000 -725.431
943 0 -607.348
944 22.5941 -607.348
945 47.4477 -607.348
946 74.7866 -607.348
947 104.859 -607.348
948 137.94 -607.348
949 174.328 -607.348
950 214.355 -607.348
951 258.384 -607.348
952 306.817 -607.348
953 360.092 -607.348
954 418.696 -607.348
955 483.16 -607.348
956 554.07 -607.348
957 632.071 -607.348
958 717.872 -607.348
959 812.253 -607.348
960 916.073 -607.348
961 1030.27 -607.348
962 1155.9 -607.348
963 1294.08 -607.348
964 1446.08 -607.348
965 1613.28 -607.348
966 1797.21 -607.348
967 1999.52 -607.348
968 2222.07 -607.348
969 2466.87 -607.348
970 2736.15 -607.348
971 3032.36 -607.348
972 3358.19 -607.348
973 3716.6 -607.348
974 4110.86 -607.348
975 4544.54 -607.348
976 5021.58 -607.348
977 5546.34 -607.348
978 6123.56 -607.348
979 6758.51 -607.348
980 7456.96 -607.348
981 8225.25 -607.348
982 9070.37 -607.348
983 10000 -607.348
984 0 -500
985 22.5941 -500
986 47.4477 -500
987 74.7866 -500
988 104.859 -500
989 137.94 -500
990 174.328 -500
991 214.355 -500
992 258.384 -500
993 306.817 -500
994 360.092 -500
995 418.696 -500
996 483.16 -500
997 554.07 -500
998 632.071 -500
999 717.872 -500
1000 812.253 -500
1001 916.073 -500
1002 1030.27 -500
1003 1155.9 -500
1004 1294.08 -500
1005 1446.08 -500
1006 1613.28 -500
1007 1797.21 -500
1008 1999.52 -500
1009 2222.07 -500
1010 2466.87 -500
1011 2736.15 -500
1012 3032.36 -500
1013 3358.19 -500
1014 3716.6 -500
1015 4110.86 -500
1016 4544.54 -500
1017 5021.58 -500
1018 5546.34 -500
1019 6123.56 -500
1020 6758.51 -500
1021 7456.96 -500
1022 8225.25 -500
1023 9070.37 -500
1024 10000 -500
1025 0 -448.879
1026 22.5941 -448.879
1027 47.4477 -448.879
1028 74.7866 -448.879
1029 104.859 -448.879
1030 137.94 -448.879
1031 174.328 -448.879
1032 214.355 -448.879
1033 258.384 -448.879
1034 306.817 -448.879
1035 360.092 -448.879
1036 418.696 -448.879
1037 483.16 -448.879
1038 554.07 -448.879
1039 632.071 -448.879
1040 717.872 -448.879
1041 812.253 -448.879
1042 916.073 -448.879
1043 1030.27 -448.879
1044 1155.9 -448.879
1045 1294.08 -448.879
1046 1446.08 -448.879
1047 1613.28 -448.879
1048 1797.21 -448.879
1049 1999.52 -448.879
1050 2222.07 -448.879
1051 2466.87 -448.879
1052 2736.15 -448.879
1053 3032.36 -448.879
1054 3358.19 -448.879
1055 3716.6 -448.879
1056 4110.86 -448.879
1057 4544.54 -448.879
1058 5021.58 -448.879
1059 5546.34 -448.879
1060 6123.56 -448.879
1061 6758.51 -448.879
1062 7456.96 -448.879
1063 8225.25 -448.879
1064 9070.37 -448.879
1065 10000 -448.879
1066 0 -402.405
1067 22.5941 -402.405
1068 47.4477 -402.405
1069 74.7866 -402.405
1070 104.859 -402.405
1071 137.94 -402.405
1072 174.328 -402.405
1073 214.355 -402.405
1074 258.384 -402.405
1075 306.817 -402.405
1076 360.092 -402.405
1077 418.696 -402.405
1078 483.16 -402.405
1079 554.07 -402.405
1080 632.071 -402.405
1081 717.872 -402.405
1082 812.253 -402.405
1083 916.073 -402.405
1084 1030.27 -402.405
1085 1155.9 -402.405
1086 1294.08 -402.405
1087 1446.08 -402.405
1088 1613.28 -402.405
1089 1797.21 -402.405
1090 1999.52 -402.405
1091 2222.07 -402.405
1092 2466.87 -402.405
1093 2736.15 -402.405
1094 3032.36 -402.405
1095 3358.19 -402.405
1096 3716.6 -402.405
1097 4110.86 -402.405
1098 4544.54 -402.405
1099 5021.58 -402.405
1100 5546.34 -402.405
1101 6123.56 -402.405
1102 6758.51 -402.405
1103 7456.96 -402.405
1104 8225.25 -402.405
1105 9070.37 -402.405
1106 10000 -402.405
1107 0 -360.156
1108 22.5941 -360.156
1109 47.4477 -360.156
1110 74.7866 -360.156
1111 104.859 -360.156
1112 137.94 -360.156
1113 174.328 -360.156
1114 214.355 -360.156
1115 258.384 -360.156
1116 306.817 -360.156
1117 360.092 -360.156
1118 418.696 -360.156
1119 483.16 -360.156
1120 554.07 -360.156
1121 632.071 -360.156
1122 717.872 -360.156
1123 812.253 -360.156
1124 916.073 -360.156
1125 1030.27 -360.156
1126 1155.9 -360.156
1127 1294.08 -360.156
1128 1446.08 -360.156
1129 1613.28 -360.156
1130 1797.21 -360.156
1131 1999.52 -360.156
1132 2222.07 -360.156
1133 2466.87 -360.156
1134 2736.15 -360.156
1135 3032.36 -360.156
1136 3358.19 -360.156
1137 3716.6 -360.156
1138 4110.86 -360.156
1139 4544.54 -360.156
1140 5021.58 -360.156
1141 5546.34 -360.156
1142 6123.56 -360.156
1143 6758.51 -360.156
1144 7456.96 -360.156
1145 8225.25 -360.156
1146 9070.37 -360.156
1147 10000 -360.156
1148 0 -321.748
1149 22.5941 -321.748
1150 47.4477 -321.748
1151 74.7866 -321.748
1152 104.859 -321.748
1153 137.94 -321.748
1154 174.328 -321.748
1155 214.355 -321.748
1156 258.384 -321.748
1157 306.817 -321.748
1158 360.092 -321.748
1159 418.696 -321.748
1160 483.16 -321.748
1161 554.07 -321.748
1162 632.071 -321.748
1163 717.872 -321.748
1164 812.253 -321.748
1165 916.073 -321.748
1166 1030.27 -321.748
1167 1155.9 -321.748
1168 1294.08 -321.748
1169 1446.08 -321.748
1170 1613.28 -321.748
1171 1797.21 -321.748
1172 1999.52 -321.748
1173 2222.07 -321.748
1174 2466.87 -321.748
1175 2736.15 -321.748
1176 3032.36 -321.748
1177 3358.19 -321.748
1178 3716.6 -321.748
1179 4110.86 -321.748
1180 4544.54 -321.748
1181 5021.58 -321.748
1182 5546.34 -321.748
1183 6123.56 -321.748
1184 6758.51 -321.748
1185 7456.96 -321.748
1186 8225.25 -321.748
1187 9070.37 -321.748
1188 10000 -321.748
1189 0 -286.832
1190 22.5941 -286.832
1191 47.4477 -286.832
1192 74.7866 -286.832
1193 104.859 -286.832
1194 137.94 -286.832
1195 174.328 -286.832
1196 214.355 -286.832
1197 258.384 -286.832
1198 306.817 -286.832
1199 360.092 -286.832
1200 418.696 -286.832
1201 483.16 -286.832
1202 554.07 -286.832
1203 632.071 -286.832
1204 717.872 -286.832
1205 812.253 -286.832
1206 916.073 -286.832
1207 1030.27 -286.832
1208 1155.9 -286.832
1209 1294.08 -286.832
1210 1446.08 -286.832
1211 1613.28 -286.832
1212 1797.21 -286.832
1213 1999.52 -286.832
1214 2222.07 -286.832
1215 2466.87 -286.832
1216 2736.15 -286.832
1217 3032.36 -286.832
1218 3358.19 -286.832
1219 3716.6 -286.832
1220 4110.86 -286.832
1221 4544.54 -286.832
1222 5021.58 -286.832
1223 5546.34 -286.832
1224 6123.56 -286.832
1225 6758.51 -286.832
1226 7456.96 -286.832
1227 8225.25 -286.832
1228 9070.37 -286.832
1229 10000 -286.832
1230 0 -255.09
1231 22.5941 -255.09
1232 47.4477 -255.09
1233 74.7866 -255.09
1234 104.859 -255.09
1235 137.94 -255.09
1236 174.328 -255.09
1237 214.355 -255.09
1238 258.384 -255.09
1239 306.817 -255.09
1240 360.092 -255.09
1241 418.696 -255.09
1242 483.16 -255.09
1243 554.07 -255.09
1244 632.071 -255.09
1245 717.872 -255.09
1246 812.253 -255.09
1247 916.073 -255.09
1248 1030.27 -255.09
1249 1155.9 -255.09
1250 1294.08 -255.09
1251 1446.08 -255.09
1252 1613.28 -255.09
1253 1797.21 -255.09
1254 1999.52 -255.09
1255 2222.07 -255.09
1256 2466.87 -255.09
1257 2736.15 -255.09
1258 3032.36 -255.09
1259 3358.19 -255.09
1260 3716.6 -255.09
1261 4110.86 -255.09
1262 4544.54 -255.09
1263 5021.58 -255.09
1264 5546.34 -255.09
1265 6123.56 -255.09
1266 6758.51 -255.09
1267 7456.96 -255.09
1268 8225.25 -255.09
1269 9070.37 -255.09
1270 10000 -255.09
1271 0 -226.233
1272 22.5941 -226.233
1273 47.4477 -226.233
1274 74.7866 -226.233
1275 104.859 -226.233
1276 137.94 -226.233
1277 174.328 -226.233
1278 214.355 -226.233
1279 258.384 -226.233
1280 306.817 -226.233
1281 360.092 -226.233
1282 418.696 -226.233
1283 483.16 -226.233
1284 554.07 -226.233
1285 632.071 -226.233
1286 717.872 -226.233
1287 812.253 -226.233
1288 916.073 -226.233
1289 1030.27 -226.233
1290 1155.9 -226.233
1291 1294.08 -226.233
1292 1446.08 -226.233
1293 1613.28 -226.233
1294 1797.21 -226.233
1295 1999.52 -226.233
1296 2222.07 -226.233
1297 2466.87 -226.233
1298 2736.15 -226.233
1299 3032.36 -226.233
1300 3358.19 -226.233
1301 3716.6 -226.233
1302 4110.86 -226.233
1303 4544.54 -226.233
1304 5021.58 -226.233
1305 5546.34 -226.233
1306 6123.56 -226.233
1307 6758.51 -226.233
1308 7456.96 -226.233
1309 8225.25 -226.233
1310 9070.37 -226.233
1311 10000 -226.233
1312 0 -200
1313 22.5941 -200
1314 47.4477 -200
1315 74.7866 -200
1316 104.859 -200
1317 137.94 -200
1318 174.328 -200
1319 214.355 -200
1320 258.384 -200
1321 306.817 -200
1322 360.092 -200
1323 418.696 -200
1324 483.16 -200
1325 554.07 -200
1326 632.071 -200
1327 717.872 -200
1328 812.253 -200
1329 916.073 -200
1330 1030.27 -200
1331 1155.9 -200
1332 1294.08 -200
1333 1446.08 -200
1334 1613.28 -200
1335 1797.21 -200
1336 1999.52 -200
1337 2222.07 -200
1338 2466.87 -200
1339 2736.15 -200
1340 3032.36 -200
1341 3358.19 -200
1342 3716.6 -200
1343 4110.86 -200
1344 4544.54 -200
1345 5021.58 -200
1346 5546.34 -200
1347 6123.56 -200
1348 6758.51 -200
1349 7456.96 -200
1350 8225.25 -200
1351 9070.37 -200
1352 10000 -200
1353 0 -165.919
1354 22.5941 -165.919
1355 47.4477 -165.919
1356 74.7866 -165.919
1357 104.859 -165.919
1358 137.94 -165.919
1359 174.328 -165.919
1360 214.355 -165.919
1361 258.384 -165.919
1362 306.817 -165.919
1363 360.092 -165.919
1364 418.696 -165.919
1365 483.16 -165.919
1366 554.07 -165.919
1367 632.071 -165.919
1368 717.872 -165.919
1369 812.253 -165.919
1370 916.073 -165.919
1371 1030.27 -165.919
1372 1155.9 -165.919
1373 1294.08 -165.919
1374 1446.08 -165.919
1375 1613.28 -165.919
1376 1797.21 -165.919
1377 1999.52 -165.919
1378 2222.07 -165.919
1379 2466.87 -165.919
1380 2736.15 -165.919
1381 3032.36 -165.919
1382 3358.19 -165.919
1383 3716.6 -165.919
1384 4110.86 -165.919
1385 4544.54 -165.919
1386 5021.58 -165.919
1387 5546.34 -165.919
1388 6123.56 -165.919
1389 6758.51 -165.919
1390 7456.96 -165.919
1391 8225.25 -165.919
1392 9070.37 -165.919
1393 10000 -165.919
1394 0 -134.937
1395 22.5941 -134.937
1396 47.4477 -134.937
1397 74.7866 -134.937
1398 104.859 -134.937
1399 137.94 -134.937
1400 174.328 -134.937
1401 214.355 -134.937
1402 258.384 -134.937
1403 306.817 -134.937
1404 360.092 -134.937
1405 418.696 -134.937
1406 483.16 -134.937
1407 554.07 -134.937
1408 632.071 -134.937
1409 717.872 -134.937
1410 812.253 -134.937
1411 916.073 -134.937
1412 1030.27 -134.937
1413 1155.9 -134.937
1414 1294.08 -134.937
1415 1446.08 -134.937
1416 1613.28 -134.937
1417 1797.21 -134.937
1418 1999.52 -134.937
1419 2222.07 -134.937
1420 2466.87 -134.937
1421 2736.15 -134.937
1422 3032.36 -134.937
1423 3358.19 -134.937
1424 3716.6 -134.937
1425 4110.86 -134.937
1426 4544.54 -134.937
1427 5021.58 -134.937
1428 5546.34 -134.937
1429 6123.56 -134.937
1430 6758.51 -134.937
1431 7456.96 -134.937
1432 8225.25 -134.937
1433 9070.37 -134.937
1434 10000 -134.937
1435 0 -106.771
1436 22.5941 -106.771
1437 47.4477 -106.771
1438 74.7866 -106.771
1439 104.859 -106.771
1440 137.94 -106.771
1441 174.328 -106.771
1442 214.355 -106.771
1443 258.384 -106.771
1444 306.817 -106.771
1445 360.092 -106.771
1446 418.696 -106.771
1447 483.16 -106.771
1448 554.07 -106.771
1449 632.071 -106.771
1450 717.872 -106.771
1451 812.253 -106.771
1452 916.073 -106.771
1453 1030.27 -106.771
1454 1155.9 -106.771
1455 1294.08 -106.771
1456 1446.08 -106.771
1457 1613.28 -106.771
1458 1797.21 -106.771
1459 1999.52 -106.771
1460 2222.07 -106.771
1461 2466.87 -106.771
1462 2736.15 -106.771
1463 3032.36 -106.771
1464 3358.19 -106.771
1465 3716.6 -106.771
1466 4110.86 -106.771
1467 4544.54 -106.771
1468 5021.58 -106.771
1469 5546.34 -106.771
1470 6123.56 -106.771
1471 6758.51 -106.771
1472 7456.96 -106.771
1473 8225.25 -106.771
1474 9070.37 -106.771
1475 10000 -106.771
1476 0 -81.1655
1477 22.5941 -81.1655
1478 47.4477 -81.1655
1479 74.7866 -81.1655
1480 104.859 -81.1655
1481 137.94 -81.1655
1482 174.328 -81.1655
1483 214.355 -81.1655
1484 258.384 -81.1655
1485 306.817 -81.1655
1486 360.092 -81.1655
1487 418.696 -81.1655
1488 483.16 -81.1655
1489 554.07 -81.1655
1490 632.071 -81.1655
1491 717.872 -81.1655
1492 812.253 -81.1655
1493 916.073 -81.1655
1494 1030.27 -81.1655
1495 1155.9 -81.1655
1496 1294.08 -81.1655
1497 1446.08 -81.1655
1498 1613.28 -81.1655
1499 1797.21 -81.1655
1500 1999.52 -81.1655
1501 2222.07 -81.1655
1502 2466.87 -81.1655
1503 2736.15 -81.1655
1504 3032.36 -81.1655
1505 3358.19 -81.1655
1506 3716.6 -81.1655
1507 4110.86 -81.1655
1508 4544.54 -81.1655
1509 5021.58 -81.1655
1510 5546.34 -81.1655
1511 6123.56 -81.1655
1512 6758.51 -81.1655
1513 7456.96 -81.1655
1514 8225.25 -81.1655
1515 9070.37 -81.1655
1516 10000 -81.1655
1517 0 -57.8879
1518 22.5941 -57.8879
1519 47.4477 -57.8879
1520 74.7866 -57.8879
1521 104.859 -57.8879
1522 137.94 -57.8879
1523 174.328 -57.8879
1524 214.355 -57.8879
1525 258.384 -57.8879
1526 306.817 -57.8879
1527 360.092 -57.8879
1528 418.696 -57.8879
1529 483.16 -57.8879
1530 554.07 -57.8879
1531 632.071 -57.8879
1532 717.872 -57.8879
1533 812.253 -57.8879
1534 916.073 -57.8879
1535 1030.27 -57.8879
1536 1155.9 -57.8879
1537 1294.08 -57.8879
1538 1446.08 -57.8879
1539 1613.28 -57.8879
1540 1797.21 -57.8879
1541 1999.52 -57.8879
1542 2222.07 -57.8879
1543 2466.87 -57.8879
1544 2736.15 -57.8879
1545 3032.36 -57.8879
1546 3358.19 -57.8879
1547 3716.6 -57.8879
1548 4110.86 -57.8879
1549 4544.54 -57.8879
1550 5021.58 -57.8879
1551 5546.34 -57.8879
1552 6123.56 -57.8879
1553 6758.51 -57.8879
1554 7456.96 -57.8879
1555 8225.25 -57.8879
1556 9070.37 -57.8879
1557 10000 -57.8879
1558 0 -36.7265
1559 22.5941 -36.7265
1560 47.4477 -36.7265
1561 74.7866 -36.7265
1562 104.859 -36.7265
1563 137.94 -36.7265
1564 174.328 -36.7265
1565 214.355 -36.7265
1566 258.384 -36.7265
1567 306.817 -36.7265
1568 360.092 -36.7265
1569 418.696 -36.7265
1570 483.16 -36.7265
1571 554.07 -36.7265
1572 632.071 -36.7265
1573 717.872 -36.7265
1574 812.253 -36.7265
1575 916.073 -36.7265
1576 1030.27 -36.7265
1577 1155.9 -36.7265
1578 1294.08 -36.7265
1579 1446.08 -36.7265
1580 1613.28 -36.7265
1581 1797.21 -36.7265
1582 1999.52 -36.7265
1583 2222.07 -36.7265
1584 2466.87 -36.7265
1585 2736.15 -36.7265
1586 3032.36 -36.7265
1587 3358.19 -36.7265
1588 3716.6 -36.7265
1589 4110.86 -36.7265
1590 4544.54 -36.7265
1591 5021.58 -36.7265
1592 5546.34 -36.7265
1593 6123.56 -36.7265
1594 6758.51 -36.7265
1595 7456.96 -36.7265
1596 8225.25 -36.7265
1597 9070.37 -36.7265
1598 10000 -36.7265
1599 0 -17.4888
1600 22.5941 -17.4888
1601 47.4477 -17.4888
1602 74.7866 -17.4888
1603 104.859 -17.4888
1604 137.94 -17.4888
1605 174.328 -17.4888
1606 214.355 -17.4888
1607 258.384 -17.4888
1608 306.817 -17.4888
1609 360.092 -17.4888
1610 418.696 -17.4888
1611 483.16 -17.4888
1612 554.07 -17.4888
1613 632.071 -17.4888
1614 717.872 -17.4888
1615 812.253 -17.4888
1616 916.073 -17.4888
1617 1030.27 -17.4888
1618 1155.9 -17.4888
1619 1294.08 -17.4888
1620 1446.08 -17.4888
1621 1613.28 -17.4888
1622 1797.21 -17.4888
1623 1999.52 -17.4888
1624 2222.07 -17.4888
1625 2466.87 -17.4888
1626 2736.15 -17.4888
1627 3032.36 -17.4888
1628 3358.19 -17.4888
1629 3716.6 -17.4888
1630 4110.86 -17.4888
1631 4544.54 -17.4888
1632 5021.58 -17.4888
1633 5546.34 -17.4888
1634 6123.56 -17.4888
1635 6758.51 -17.4888
1636 7456.96 -17.4888
1637 8225.25 -17.4888
1638 9070.37 -17.4888
1639 10000 -17.4888
1640 0 0
1641 22.5941 0
1642 47.4477 0
1643 74.7866 0
1644 104.859 0
1645 137.94 0
1646 174.328 0
1647 214.355 0
1648 258.384 0
1649 306.817 0
1650 360.092 0
1651 418.696 0
1652 483.16 0
1653 554.07 0
1654 632.071 0
1655 717.872 0
1656 812.253 0
1657 916.073 0
1658 1030.27 0
1659 1155.9 0
1660 1294.08 0
1661 1446.08 0
1662 1613.28 0
1663 1797.21 0
1664 1999.52 0
1665 2222.07 0
1666 2466.87 0
1667 2736.15 0
1668 3032.36 0
1669 3358.19 0
1670 3716.6 0
1671 4110.86 0
1672 4544.54 0
1673 5021.58 0
1674 5546.34 0
1675 6123.56 0
1676 6758.51 0
1677 7456.96 0
1678 8225.25 0
1679 9070.37 0
1680 10000 0
