-1.152259305976319e-19
-7.138270062258263e-19
-1.576898074043187e-18
-2.555952468385169e-18
-3.549411138321919e-18
-4.423888095991194e-18
-4.978358475812404e-18
-5.004750387730586e-18
-4.303893801789872e-18
-2.681118053762455e-18
-1.451847712883639e-18
-3.630508625538993e-05
-3.603514666922734e-05
-3.474553509425511e-05
-3.246908891724277e-05
-2.919206220524402e-05
-2.493901793687900e-05
-1.997425870615372e-05
-1.466954475118956e-05
-9.419167434874451e-06
-4.508708318416643e-06
-5.081689434411456e-18
-8.527792246789224e-05
-8.278252110753258e-05
-7.916603760694346e-05
-7.295916480398126e-05
-6.390799157868741e-05
-5.286751809224591e-05
-4.075475237332077e-05
-2.873478822083653e-05
-1.778806878162320e-05
-8.297249293490933e-06
-8.497161111458618e-18
-1.598874793113359e-04
-1.610168709957858e-04
-1.510463597067579e-04
-1.334832393380251e-04
-1.115754474860530e-04
-8.650682919976056e-05
-6.190987721548563e-05
-4.072115108268265e-05
-2.384769171460449e-05
-1.072567697063459e-05
-9.849345908634570e-18
-3.538193935930628e-04
-3.147938894398424e-04
-2.809324602718512e-04
-2.371383204905923e-04
-1.773802895035262e-04
-1.209157587197496e-04
-7.730015322751929e-05
-4.653461411066810e-05
-2.557072399931485e-05
-1.105338690504392e-05
-9.110018134964040e-18
-6.081875829210580e-04
-7.011746673474449e-04
-6.077866190586368e-04
-3.974771173044078e-04
-2.343641424640635e-04
-1.344804522323557e-04
-7.598145102695425e-05
-4.190286810246566e-05
-2.165479565882452e-05
-9.027236942304893e-06
-6.728303817515127e-18
-3.931781788984623e-03
-2.424730236407306e-03
-1.029811875335555e-03
-4.372486557723454e-04
-2.054182780422094e-04
-1.015027738882753e-04
-5.183719017449581e-05
-2.614792382536831e-05
-1.274723112080142e-05
-5.188663792530223e-06
-5.100395892552122e-18
-9.972276387317699e-03
-3.591839046351377e-03
-1.197866420854129e-03
-4.804619843101208e-04
-2.201344844362605e-04
-1.072643099566282e-04
-5.448699196975721e-05
-2.739817712125691e-05
-1.336494837976329e-05
-5.445452056804598e-06
-1.370798431904021e-18
-2.225181189601697e-02
-4.630837371859151e-03
-1.305698976284818e-03
-5.123881356024900e-04
-2.303674569766377e-04
-1.116116577042341e-04
-5.648162402559666e-05
-2.838868948817533e-05
-1.385119716988436e-05
-5.645926738903597e-06
-4.110247113946844e-21
-1.855128693338043e-02
-5.138908065014735e-03
-1.300644438844974e-03
-5.250229492956451e-04
-2.314767487895163e-04
-1.125466040741835e-04
-5.670540126660914e-05
-2.852227131884023e-05
-1.389447556562084e-05
-5.660746787201071e-06
-3.317371143968671e-19
-1.754841662492266e-02
-5.266873435658784e-03
-1.304228255126552e-03
-5.276313402396802e-04
-2.320561112539881e-04
-1.127639597222341e-04
-5.678435729321118e-05
-2.855841726034208e-05
-1.390792210588232e-05
-5.664943293358836e-06
4.882474851598785e-33
