<<<<<<< HEAD
1.103325029554826e-21
7.182532805953573e-21
1.633618593028210e-20
2.817517053951350e-20
4.333778449609119e-20
6.260276241776975e-20
8.691871543087811e-20
1.174394112415073e-19
1.555659845008120e-19
2.029971843546096e-19
2.617889064186014e-19
3.344243048243015e-19
4.238957409638738e-19
5.337996369851975e-19
6.684448716866513e-19
8.329745487799881e-19
1.033499587265400e-18
1.277240354747327e-18
1.572669104624428e-18
1.929640771279410e-18
2.359492049372377e-18
2.875077790030259e-18
3.490698595431490e-18
4.221853028308624e-18
5.084721153009781e-18
6.095252774459560e-18
7.267694439136844e-18
8.612346694095027e-18
1.013230299385304e-17
1.181889367646534e-17
1.364555624352745e-17
1.555989227735021e-17
1.747376332173923e-17
1.925142054353424e-17
2.069582770660187e-17
2.153346665138184e-17
2.139795371827276e-17
1.981280624596650e-17
1.617415419926606e-17
9.736639564245750e-18
3.834959371853808e-18
1.262774552489012e-04
1.262756565538826e-04
1.262708634574290e-04
1.262618875773088e-04
1.262474884753583e-04
1.262261589225198e-04
1.261960478520153e-04
1.261548817787306e-04
1.260998725374648e-04
1.260276069821000e-04
1.259339148155239e-04
1.258137104675397e-04
1.256608045243891e-04
1.254676798106257e-04
1.252252269445318e-04
1.249224341665485e-04
1.245460266655388e-04
1.240800517706560e-04
1.235054086175412e-04
1.227993247563989e-04
1.219347883313092e-04
1.208799537832742e-04
1.195975525122329e-04
1.180443585988680e-04
1.161707843273860e-04
1.139207109479395e-04
1.112316954553730e-04
1.080357300627616e-04
1.042607593017389e-04
9.983316648702899e-05
9.468140666741090e-05
8.874086284805217e-05
8.195981408479172e-05
7.430612146953359e-05
6.577389094455543e-05
5.638905155081703e-05
4.621266689764670e-05
3.534113560606926e-05
2.390356894401864e-05
1.205897571324667e-05
1.107963077281219e-17
2.494838055162542e-04
2.494801171665190e-04
2.494702886207579e-04
2.494518781506047e-04
2.494223243736685e-04
2.493785207568531e-04
2.493166563861779e-04
2.492320529602722e-04
2.491189750913068e-04
2.489704042387619e-04
2.487777683815043e-04
2.485306192296027e-04
2.482162480705284e-04
2.478192306707232e-04
2.473208912821993e-04
2.466986760463389e-04
2.459254273754997e-04
2.449685538360379e-04
2.437890954928109e-04
2.423406937229186e-04
2.405684885924814e-04
2.384079877299020e-04
2.357839800973710e-04
2.326096078671872e-04
2.287857606387406e-04
2.242010174204916e-04
2.187324283782778e-04
2.122474894605381e-04
2.046076990401966e-04
1.956740663488006e-04
1.853148265396254e-04
1.734153634636688e-04
1.598899188638343e-04
1.446940875962692e-04
1.278364534069009e-04
1.093872128408083e-04
8.948159782241083e-05
6.831678326968123e-05
4.614328574750006e-05
2.325629553940112e-05
1.971742031509861e-17
3.759388922649310e-04
3.759329776195210e-04
3.759172166182220e-04
3.758877005293105e-04
3.758403462674942e-04
3.757701948158082e-04
3.756711581583776e-04
3.755357613909528e-04
3.753548408777192e-04
3.751171843014349e-04
3.748091005982415e-04
3.744139073134323e-04
3.739113220542667e-04
3.732767440913964e-04
3.724804122200176e-04
3.714864262740416e-04
3.702516229355547e-04
3.687243027358333e-04
3.668428158152386e-04
3.645340309410384e-04
3.617117377481760e-04
3.582750687459883e-04
3.541070778458480e-04
3.490736777204116e-04
3.430232187417763e-04
3.357870827709924e-04
3.271817535653716e-04
3.170128891032346e-04
3.050819231082513e-04
2.911956133037199e-04
2.751786752600026e-04
2.568891463274538e-04
2.362354084547128e-04
2.131929381634884e-04
1.878180431201672e-04
1.602554172539671e-04
1.307367336610087e-04
9.956917625209682e-05
6.711630320696267e-05
3.377969128120944e-05
2.614002433606679e-17
5.101022606275081e-04
5.100935852472953e-04
5.100704678123523e-04
5.100271687638591e-04
5.099576753113139e-04
5.098546943633629e-04
5.097092807460374e-04
5.095104581467065e-04
5.092447785111121e-04
5.088957984916079e-04
5.084434558512323e-04
5.078633285968572e-04
5.071257588997415e-04
5.061948236890421e-04
5.050271349753700e-04
5.035704564259415e-04
5.017621297359630e-04
4.995273166135802e-04
4.967770819094680e-04
4.934063732787764e-04
4.892919958440868e-04
4.842907396980645e-04
4.782378959513007e-04
4.709464932314339e-04
4.622076961234706e-04
4.517929168534055e-04
4.394582761060716e-04
4.249520669109180e-04
4.080257693559799e-04
3.884488662502482e-04
3.660271627322892e-04
3.406235008833605e-04
3.121787545866893e-04
2.807299851309067e-04
2.464219590963974e-04
2.095082826552901e-04
1.703395827105703e-04
1.293387726101394e-04
8.696778569009164e-05
4.369698871998864e-05
3.078248896110312e-17
6.553662941349265e-04
6.553540358326766e-04
6.553213708978816e-04
6.552601967374631e-04
6.551620438040728e-04
6.550166322760126e-04
6.548113499509748e-04
6.545307217705772e-04
6.541557922340842e-04
6.536633926925749e-04
6.530252712553573e-04
6.522070634911424e-04
6.511670822051058e-04
6.498549058964757e-04
6.482097492685735e-04
6.461586068530994e-04
6.436141743906402e-04
6.404725746580046e-04
6.366109481653467e-04
6.318850182713984e-04
6.261268085317929e-04
6.191427803049872e-04
6.107127708622931e-04
6.005902409877094e-04
5.885044713160256e-04
5.741654493570202e-04
5.572722172501201e-04
5.375253385500420e-04
5.146438152147801e-04
4.883861787345570e-04
4.585745748780449e-04
4.251195368352793e-04
3.880420048568380e-04
3.474883385066111e-04
3.037339764144486e-04
2.571723550294425e-04
2.082878388029583e-04
1.576146948745897e-04
1.056886176108885e-04
5.300379643680837e-05
3.395820203833551e-17
8.146710838751781e-04
8.146540767305348e-04
8.146087585332946e-04
8.145238841108989e-04
8.143876855569792e-04
8.141858929242960e-04
8.139010127635096e-04
8.135115967214253e-04
8.129913947167786e-04
8.123083543916923e-04
8.114234381416020e-04
8.102892309816859e-04
8.088483144119043e-04
8.070313858272453e-04
8.047551118835534e-04
8.019197199138747e-04
7.984063569467240e-04
7.940742847321471e-04
7.887580355877662e-04
7.822647320153685e-04
7.743718760310897e-04
7.648260420923454e-04
7.533430542905925e-04
7.396103773248122e-04
7.232925688638095e-04
7.040406748939931e-04
6.815063254849581e-04
6.553609209347722e-04
6.253196162720138e-04
5.911688007688749e-04
5.527945216030660e-04
5.102080551527313e-04
4.635639549966713e-04
4.131658109925436e-04
3.594559270599504e-04
3.029871804954702e-04
2.443781717283224e-04
1.842560151800899e-04
1.231947369469203e-04
6.166234739087199e-05
3.591420658048771e-17
9.907188141030040e-04
9.906954246352634e-04
9.906330996160783e-04
9.905163809923315e-04
9.903291100583534e-04
9.900516901064245e-04
9.896601006173888e-04
9.891249020072311e-04
9.884100857812310e-04
9.874717217845292e-04
9.862563682952118e-04
9.846992154833813e-04
9.827219383923139e-04
9.802302457249065e-04
9.771111283753487e-04
9.732298403787702e-04
9.684266890619134e-04
9.625137755766960e-04
9.552719166037910e-04
9.464480964323362e-04
9.357539457811790e-04
9.228659121426256e-04
9.074279560782563e-04
8.890577403409561e-04
8.673573124529426e-04
8.419291324883340e-04
8.123978717035746e-04
7.784376284851913e-04
7.398030675018194e-04
6.963616029039293e-04
6.481223970186914e-04
5.952570505970295e-04
5.381068570435767e-04
4.771726462648660e-04
4.130854707882628e-04
3.465592188141316e-04
2.783290056026300e-04
2.090814171216090e-04
1.393845817788606e-04
6.962916769748264e-05
3.686113099672561e-17
1.186297025288768e-03
1.186264935111628e-03
1.186179428618075e-03
1.186019301487258e-03
1.185762386887902e-03
1.185381821554357e-03
1.184844704711199e-03
1.184110750414849e-03
1.183130739312260e-03
1.181844707824394e-03
1.180179835105344e-03
1.178047998417774e-03
1.175342980473687e-03
1.171937333273963e-03
1.167678936549255e-03
1.162387340044995e-03
1.155850053159001e-03
1.147819048337828e-03
1.138007880150784e-03
1.126089989839784e-03
1.111698956574537e-03
1.094431648213354e-03
1.073855371161862e-03
1.049520149286863e-03
1.020977078840034e-03
9.878032030414628e-04
9.496324455457697e-04
9.061908394162733e-04
8.573327391056775e-04
8.030732443861489e-04
7.436111793146951e-04
6.793371332542227e-04
6.108225278691733e-04
5.387882414201286e-04
4.640543764198430e-04
3.874754469052504e-04
3.098668851748065e-04
2.319291715215788e-04
1.541757565932072e-04
7.687211753461681e-05
3.698681520878193e-17
1.404377877547519e-03
1.404333864420390e-03
1.404216589079970e-03
1.403996976034700e-03
1.403644644029173e-03
1.403122790807943e-03
1.402386371388541e-03
1.401380278944849e-03
1.400037268191052e-03
1.398275546000781e-03
1.395995988691584e-03
1.393078965256987e-03
1.389380771322276e-03
1.384729717701574e-03
1.378921976679924e-03
1.371717375254738e-03
1.362835443993075e-03
1.351952187326523e-03
1.338698235158647e-03
1.322659255319593e-03
1.303379723001581e-03
1.280371303110217e-03
1.253127120293682e-03
1.221142957433448e-03
1.183945816493896e-03
1.141129211451737e-03
1.092393061351233e-03
1.037584309868125e-03
9.767328254425606e-04
9.100762923458295e-04
8.380682094500057e-04
7.613649848255097e-04
6.807911496273570e-04
5.972851195363974e-04
5.118307106737899e-04
4.253809732149299e-04
3.387805784488958e-04
2.526914072951229e-04
1.675241750062994e-04
8.337865692273077e-05
3.646079544900473e-17
1.648340874609553e-03
1.648280326754306e-03
1.648119000440766e-03
1.647816914307596e-03
1.647332308072460e-03
1.646614639475859e-03
1.645602112033203e-03
1.644219225935112e-03
1.642374006191528e-03
1.639954819171915e-03
1.636826744012048e-03
1.632827502535697e-03
1.627762999386262e-03
1.621402594243929e-03
1.613474328940661e-03
1.603660471576784e-03
1.591593922343389e-03
1.576856250174516e-03
1.558978381518841e-03
1.537445207459201e-03
1.511705548238751e-03
1.481188914455252e-03
1.445330200499925e-03
1.403602701918739e-03
1.355558578032161e-03
1.300874130451320e-03
1.239395298235383e-03
1.171177084708280e-03
1.096509880730309e-03
1.015926395739392e-03
9.301853135704648e-04
8.402314051884750e-04
7.471356592886234e-04
6.520218871532079e-04
5.559874106115857e-04
4.600246446876552e-04
3.649480534305779e-04
2.713279519490946e-04
1.794299442611046e-04
8.915770387264493e-05
3.543457794086941e-17
1.922102873490565e-03
1.922019256808801e-03
1.921796471260487e-03
1.921379329057292e-03
1.920710226313724e-03
1.919719508231959e-03
1.918322113128889e-03
1.916414283843048e-03
1.913869887397379e-03
1.910536246802325e-03
1.906229476589898e-03
1.900729380083453e-03
1.893774052080550e-03
1.885054450843091e-03
1.874209368081465e-03
1.860821440671427e-03
1.844415110435184e-03
1.824457730075485e-03
1.800365290458620e-03
1.771514427372542e-03
1.737262333638730e-03
1.696975800432901e-03
1.650069685497259e-03
1.596053570844317e-03
1.534583312805859e-03
1.465511949497916e-03
1.388932640195108e-03
1.305205732143294e-03
1.214963276591049e-03
1.119087409885212e-03
1.018663319861627e-03
9.149118057101421e-04
8.091094059104780e-04
7.025049223297381e-04
5.962398903897557e-04
4.912776973572644e-04
3.883424889611212e-04
2.878655875940753e-04
1.899344146237816e-04
9.423743231135719e-05
3.404069171282079e-17
2.230344467399245e-03
2.230228335559703e-03
2.229918935129338e-03
2.229339679271912e-03
2.228410711522757e-03
2.227035582949338e-03
2.225096696365585e-03
2.222450905524628e-03
2.218924662496046e-03
2.214308625602959e-03
2.208351780476753e-03
2.200755242765947e-03
2.191166058396695e-03
2.179171514748689e-03
2.164294731555875e-03
2.145992609828063e-03
2.123657556782215e-03
2.096624719244958e-03
2.064186648207519e-03
2.025617234986821e-03
1.980206220074340e-03
1.927304403875547e-03
1.866377807157595e-03
1.797066580697071e-03
1.719241913868304e-03
1.633052324522435e-03
1.538950426542776e-03
1.437693178197518e-03
1.330312609187597e-03
1.218059141453329e-03
1.102324348848956e-03
9.845529162131820e-04
8.661539322646535e-04
7.484197229590136e-04
6.324570668167202e-04
5.191317624411678e-04
4.090239069090418e-04
3.023883288777176e-04
1.991123167541977e-04
9.866099013690256e-05
3.239205247466377e-17
2.578749977922040e-03
2.578587616322479e-03
2.578155075401670e-03
2.577345379795980e-03
2.576047129433566e-03
2.574125977863583e-03
2.571418449302890e-03
2.567726082184409e-03
2.562809104579458e-03
2.556379597033350e-03
2.548094323034413e-03
2.537547604344038e-03
2.524264862117969e-03
2.507697753525768e-03
2.487222203197552e-03
2.462141028041332e-03
2.431693211416108e-03
2.395072073089157e-03
2.351454421021229e-03
2.300042037001099e-03
2.240115341303661e-03
2.171096742416935e-03
2.092618237218630e-03
2.004584919037034e-03
1.907224170332796e-03
1.801110517326800e-03
1.687158996308838e-03
1.566585058704178e-03
1.440835122673531e-03
1.311496977853479e-03
1.180201868719019e-03
1.048529706810066e-03
9.179260530480067e-04
7.896354993296138e-04
6.646519930835649e-04
5.436831122939258e-04
4.271225920264594e-04
3.150234267414477e-04
2.070620235858560e-04
1.024815909756154e-04
3.058220503701701e-17
2.974346534507605e-03
2.974117695554120e-03
2.973508103281004e-03
2.972367161004131e-03
2.970538291852400e-03
2.967833038906737e-03
2.964022687686735e-03
2.958830545511336e-03
2.951923852854055e-03
2.942905396007445e-03
2.931305250637887e-03
2.916573410335391e-03
2.898074437844713e-03
2.875085725525155e-03
2.846801426547718e-03
2.812344526416260e-03
2.770789704195645e-03
2.721199351921130e-03
2.662674106320384e-03
2.594417273756542e-03
2.515809573623587e-03
2.426487054567173e-03
2.326411729718777e-03
2.215922710078940e-03
2.095756616220671e-03
1.967030304318805e-03
1.831185662645240e-03
1.689903428362335e-03
1.544998296687926e-03
1.398309518551221e-03
1.251599629386754e-03
1.106469999116060e-03
9.642971008644425e-04
8.261891072700239e-04
6.929591870786648e-04
5.651096157882706e-04
4.428193460916103e-04
3.259265516559620e-04
2.138959821122888e-04
1.057579012963834e-04
2.868646240245929e-17
3.425956566030254e-03
3.425630917655190e-03
3.424763527159772e-03
3.423140413129797e-03
3.420539549285574e-03
3.416694406458626e-03
3.411282654481792e-03
3.403916154971385e-03
3.394130952669211e-03
3.381377584189856e-03
3.365012596339216e-03
3.344292679039311e-03
3.318373379381016e-03
3.286314938140452e-03
3.247098257792218e-03
3.199654160035464e-03
3.142908621669719e-03
3.075845251716842e-03
2.997583637850622e-03
2.907468391411684e-03
2.805159339033999e-03
2.690709578265312e-03
2.564616695148325e-03
2.427834742617788e-03
2.281740839225643e-03
2.128058983902437e-03
1.968752082801693e-03
1.805898414573633e-03
1.641569404023955e-03
1.477722222707998e-03
1.316115284156463e-03
1.158249100455979e-03
1.005330537616374e-03
8.582557324726760e-04
7.176054296976916e-04
5.836456573183140e-04
4.563261627177891e-04
3.352683350246739e-04
2.197324739742772e-04
1.085502024912669e-04
2.676370982839677e-17
3.944840857493555e-03
3.944372149408422e-03
3.943123878821149e-03
3.940788690795350e-03
3.937048550370566e-03
3.931523013109318e-03
3.923754136464681e-03
3.913193900094395e-03
3.899192560750393e-03
3.880988763135104e-03
3.857703119948588e-03
3.828337730544587e-03
3.791784825183906e-03
3.746848262075895e-03
3.692281687476027e-03
3.626846401683071e-03
3.549389929693966e-03
3.458942701061128e-03
3.354825271829003e-03
3.236753095989686e-03
3.104921734309115e-03
2.960054746873891e-03
2.803400913812338e-03
2.636676604415591e-03
2.461960480894760e-03
2.281557307809999e-03
2.097852124639480e-03
1.913174484788334e-03
1.729686516839239e-03
1.549301176554733e-03
1.373630703186253e-03
1.203961045582006e-03
1.041245911095533e-03
8.861135570102711e-04
7.388795369746408e-04
5.995586764271973e-04
4.678694674161235e-04
3.432233713140578e-04
2.246891881616859e-04
1.109174913899428e-04
2.485857857109433e-17
4.545634521516764e-03
4.544950840041541e-03
4.543130389686405e-03
4.539726094357444e-03
4.534277068934353e-03
4.526234578381194e-03
4.514942269935348e-03
4.499621267855515e-03
4.479358317161626e-03
4.453098745471523e-03
4.419647333812530e-03
4.377681158656375e-03
4.325779105941250e-03
4.262472714448719e-03
4.186321758242155e-03
4.096014983870399e-03
3.990491400820073e-03
3.869070890572514e-03
3.731576130919128e-03
3.578423484317660e-03
3.410661429150385e-03
3.229942912334562e-03
3.038431421423492e-03
2.838655287475075e-03
2.633335204498411e-03
2.425212501990103e-03
2.216900485617110e-03
2.010771570688365e-03
1.808883233595378e-03
1.612938886795020e-03
1.424276304887829e-03
1.243875319679922e-03
1.072377074511148e-03
9.101082922264086e-04
7.571048798521209e-04
6.131294163134416e-04
4.776768831451842e-04
3.499620036384573e-04
2.288786436291999e-04
1.129154872891516e-04
2.300372717527482e-17
5.247742468464803e-03
5.246729413883410e-03
5.244032618075818e-03
5.238992114274251e-03
5.230930998384497e-03
5.219048505727834e-03
5.202395088447958e-03
5.179856942424371e-03
5.150148080217709e-03
5.111813380667271e-03
5.063247807677976e-03
5.002737831079830e-03
4.928530818560411e-03
4.838936132205372e-03
4.732457167735687e-03
4.607946387626121e-03
4.464766364781476e-03
4.302931382674742e-03
4.123200016851554e-03
3.927093102302330e-03
3.716824858274197e-03
3.495154542236503e-03
3.265184749409201e-03
3.030142870632245e-03
2.793180730406897e-03
2.557216329347907e-03
2.324827019065990e-03
2.098191254867431e-03
1.879069197913947e-03
1.668810599673724e-03
1.468379570154392e-03
1.278387953003428e-03
1.099131107744679e-03
9.306215589563166e-04
7.726167182323059e-04
6.246366965320632e-04
4.859676493470659e-04
3.556447304023981e-04
2.324052508051248e-04
1.145954134069732e-04
2.122203822998359e-17
6.077480708415164e-03
6.075951283518857e-03
6.071881289283217e-03
6.064279498818466e-03
6.052136347639178e-03
6.034268182730776e-03
6.009288354109295e-03
5.975596767806187e-03
5.931386177973837e-03
5.874671243816287e-03
5.803348127775672e-03
5.715291850752610e-03
5.608495270756213e-03
5.481246602795793e-03
5.332331794816071e-03
5.161235498583559e-03
4.968303852933340e-03
4.754829548335135e-03
4.523029478431266e-03
4.275907832729720e-03
4.017025977484653e-03
3.750223512078171e-03
3.479342802967891e-03
3.208000038594264e-03
2.939425700424131e-03
2.676376257748328e-03
2.421104513768876e-03
2.175370570427415e-03
1.940476623005953e-03
1.717313088576901e-03
1.506407941622387e-03
1.307974181346039e-03
1.121952233268594e-03
9.480452092621317e-04
7.857450402240606e-04
6.343466491718986e-04
4.929463277137626e-04
3.604188239581092e-04
2.353636952873092e-04
1.160033854201938e-04
1.952861149030821e-17
7.071475845574395e-03
7.069114426380003e-03
7.062833405380001e-03
7.051113387291506e-03
7.032422146335647e-03
7.004985988208471e-03
6.966762951054751e-03
6.915452264355075e-03
6.848538647416079e-03
6.763380542575897e-03
6.657351178139585e-03
6.528035854946876e-03
6.373477749741653e-03
6.192448352093791e-03
5.984700775673481e-03
5.751151562163565e-03
5.493938004473012e-03
5.216319166500459e-03
4.922426520628092e-03
4.616910894501566e-03
4.304558458571889e-03
3.989948639366057e-03
3.677203484699669e-03
3.369844471642766e-03
3.070744089910832e-03
2.782144415071793e-03
2.505713374206389e-03
2.242616055716765e-03
1.993587162413769e-03
1.758997834635631e-03
1.538914284549413e-03
1.333147385481294e-03
1.141292893766239e-03
9.627621742418691e-04
7.968026666650046e-04
6.425058565007998e-04
4.987991986664975e-04
3.644166712185455e-04
2.378383119015915e-04
1.171802430008249e-04
1.793249460769351e-17
8.282291105931875e-03
8.278544132057870e-03
8.268584584776372e-03
8.250026564149351e-03
8.220498495940734e-03
8.177305911777183e-03
8.117426346933127e-03
8.037575547147688e-03
7.934342240747483e-03
7.804400510103390e-03
7.644800759448164e-03
7.453321974561672e-03
7.228842358593838e-03
6.971659646359042e-03
6.683678946493346e-03
6.368398310324042e-03
6.030665479848036e-03
5.676241900563930e-03
5.311266011890217e-03
4.941731069128017e-03
4.573074224408962e-03
4.209926100971262e-03
3.856018197493595e-03
3.514209785242553e-03
3.186583953779512e-03
2.874569317604195e-03
2.579059281169879e-03
2.300515632173144e-03
2.039053291205709e-03
1.794508022930418e-03
1.566490152079711e-03
1.354426583333738e-03
1.157592474777542e-03
9.751334181588422e-04
8.060778666464803e-04
6.493376167157071e-04
5.036927022130252e-04
3.677553644858106e-04
2.399031510955537e-04
1.181616826289429e-04
1.643813600230213e-17
9.788217777546055e-03
9.782067069533457e-03
9.765734853653346e-03
9.735364691748218e-03
9.687205799777573e-03
9.617117232590254e-03
9.520639952799710e-03
9.393207447026580e-03
9.230480340170650e-03
9.028795884546682e-03
8.785693424819850e-03
8.500435057038470e-03
8.174403970492872e-03
7.811254845278122e-03
7.416730755155259e-03
6.998147588457803e-03
6.563648336944262e-03
6.121398204851818e-03
5.678894800501628e-03
5.242509411559421e-03
4.817289668087464e-03
4.406980578114255e-03
4.014183386467739e-03
3.640570901653957e-03
3.287100127654667e-03
2.954191392412614e-03
2.641865785281710e-03
2.349845386918458e-03
2.077625183695318e-03
1.824525238703929e-03
1.589729253793612e-03
1.372312843988050e-03
1.171263056702069e-03
9.854900432351387e-04
8.138305333706646e-04
6.550405441830297e-04
5.077733294321438e-04
3.705371383473192e-04
2.416224938220144e-04
1.189785789171358e-04
1.504657188852856e-17
1.171146268838084e-02
1.170091591266648e-02
1.167295396379218e-02
1.162112076976680e-02
1.153935137636572e-02
1.142125926252240e-02
1.126043550214345e-02
1.105100262422130e-02
1.078834896811252e-02
1.046994787833610e-02
1.009609966358558e-02
9.670388153311482e-03
9.199664088764634e-03
8.693476497223769e-03
8.163041794799583e-03
7.619992261129112e-03
7.075203594010249e-03
6.537942203714374e-03
6.015439028988358e-03
5.512858754172021e-03
5.033544699091032e-03
4.579395648989126e-03
4.151256053586906e-03
3.749248051389763e-03
3.373019156095161e-03
3.021910288153786e-03
2.695062741839884e-03
2.391484200194991e-03
2.110089727691599e-03
1.849728385310773e-03
1.609201346609066e-03
1.387273777077317e-03
1.182681015774026e-03
9.941294060690784e-04
8.202909787020652e-04
6.597887962804095e-04
5.111684704444949e-04
3.728503324885869e-04
2.430516284580014e-04
1.196574101607248e-04
1.375637454583322e-17
1.425536932965244e-02
1.423615665054704e-02
1.418535320107254e-02
1.409167580919933e-02
1.394516739951259e-02
1.373624174993927e-02
1.345658853820191e-02
1.310044070602769e-02
1.266589484172932e-02
1.215593444726003e-02
1.157878656905744e-02
1.094736781825655e-02
1.027784634726750e-02
9.587651607371508e-03
8.893444343805595e-03
8.209523255446750e-03
7.546934208912916e-03
6.913292134120840e-03
6.313140050582809e-03
5.748597822273678e-03
5.220076411205531e-03
4.726906709281361e-03
4.267813498579450e-03
3.841228540342027e-03
3.445472890368105e-03
3.078849940889918e-03
2.739685962101487e-03
2.426343722100126e-03
2.137224286133471e-03
1.870764826551021e-03
1.625435412952704e-03
1.399734653011984e-03
1.192183124166539e-03
1.001314146364793e-03
8.256605238755546e-04
6.637333492910791e-04
5.139878357381414e-04
3.747706418593864e-04
2.442377550185819e-04
1.202207284647956e-04
1.597892162899265e-17
1.490403711727350e-02
1.488147015212218e-02
1.482186702805288e-02
1.471222227417527e-02
1.454139299300456e-02
1.429911786635387e-02
1.397718710197801e-02
1.357093026540947e-02
1.308058256706265e-02
1.251208990364942e-02
1.187698941301911e-02
1.119125361962706e-02
1.047333307570911e-02
9.741901187897332e-03
9.013857357477416e-03
8.302980488741249e-03
7.619361748292015e-03
6.969514675887290e-03
6.356932588068282e-03
5.782840972809393e-03
5.246942583007440e-03
4.748033289630109e-03
4.284443859859989e-03
3.854317824008807e-03
3.455763673693609e-03
3.086925364217598e-03
2.746007244450121e-03
2.431277211969314e-03
2.141061502389923e-03
1.873737738677933e-03
1.627728378939070e-03
1.401493863565775e-03
1.193524103316472e-03
1.002327758589092e-03
8.264178377739285e-04
6.642895551673032e-04
5.143853137247207e-04
3.750413323290144e-04
2.444049343134030e-04
1.203001190450864e-04
1.796488630450368e-17
1.580075047377296e-02
1.577222278116399e-02
1.569703529794498e-02
1.555930276633666e-02
1.534615922002120e-02
1.504678625189558e-02
1.465403788323408e-02
1.416618301636684e-02
1.358808580114131e-02
1.293129862876893e-02
1.221286478364148e-02
1.145309471456185e-02
1.067294509127129e-02
9.891687249468746e-03
9.125318913000231e-03
8.385843438710176e-03
7.681290699611954e-03
7.016237881750802e-03
6.392576666271046e-03
5.810319025983204e-03
5.268303353963409e-03
4.764733659268145e-03
4.297542218058927e-03
3.864602720415749e-03
3.463836369180236e-03
3.093252511569545e-03
2.750955331505294e-03
2.435136053449223e-03
2.144061010051419e-03
1.876060431110497e-03
1.629519056787874e-03
1.402867206896723e-03
1.194570638630687e-03
1.003118608934135e-03
8.270085831493983e-04
6.647233451374896e-04
5.146952702301791e-04
3.752523974615355e-04
2.445352762483626e-04
1.203620115521950e-04
1.634011280503037e-17
1.693662913540943e-02
1.689891784062544e-02
1.679980994777823e-02
1.661928784109564e-02
1.634245565665721e-02
1.595861967836655e-02
1.546349584761869e-02
1.486101940846941e-02
1.416377468963884e-02
1.339160270499818e-02
1.256868372618741e-02
1.172002539399488e-02
1.086841211523415e-02
1.003247094778015e-02
9.225944743813686e-03
8.457886856071085e-03
7.733387823897956e-03
7.054507607418861e-03
6.421196289161381e-03
5.832081773482554e-03
5.285072795422366e-03
4.777773485104579e-03
4.307735742022832e-03
3.872590033435326e-03
3.470096879305735e-03
3.098154340063201e-03
2.754785772626771e-03
2.438121424583851e-03
2.146380388510550e-03
1.877855705498593e-03
1.630902629780002e-03
1.403928009793802e-03
1.195378812586961e-03
1.003729209382905e-03
8.274646017358349e-04
6.650581529118502e-04
5.149344768908029e-04
3.754152727715625e-04
2.446358504892132e-04
1.204097656833834e-04
1.486054254744827e-17
1.832009326867784e-02
1.826883589574164e-02
1.813461354151854e-02
1.789187289845978e-02
1.752383011602812e-02
1.702160847718625e-02
1.638696387315529e-02
1.563352335591212e-02
1.478536744220611e-02
1.387308858405216e-02
1.292867193022571e-02
1.198096708594726e-02
1.105292423836869e-02
1.016075593336717e-02
9.314488305815353e-03
8.519200633221431e-03
7.776414991254673e-03
7.085335141253380e-03
6.443816833774677e-03
5.849057636246421e-03
5.298043705773721e-03
4.787808102842491e-03
4.315556168854715e-03
3.878706460006631e-03
3.474885141013238e-03
3.101900200020729e-03
2.757710990177482e-03
2.440400101731720e-03
2.148149982809148e-03
1.879224952329761e-03
1.631957562982315e-03
1.404736641598801e-03
1.195994748189697e-03
1.004194490627580e-03
8.278120364085072e-04
6.653132059137523e-04
5.151166880199302e-04
3.755393327348219e-04
2.447124507818036e-04
1.204461342220477e-04
1.351366876350217e-17
1.997281753937374e-02
1.990185711002002e-02
1.971687029281105e-02
1.938525715173179e-02
1.888938849497597e-02
1.822562705461359e-02
1.740701112149510e-02
1.646245671204471e-02
1.543169969229039e-02
1.435767725985516e-02
1.327932286962343e-02
1.222705894579808e-02
1.122147269031514e-02
1.027429201104811e-02
9.390436969764345e-03
8.570224312616856e-03
7.811237271882849e-03
7.109698753904704e-03
6.461368341767448e-03
5.862060522050455e-03
5.307897178195659e-03
4.795393333264005e-03
4.321450646464426e-03
3.883308676769250e-03
3.478484065676508e-03
3.104713506895672e-03
2.759906712273075e-03
2.442109756320008e-03
2.149477202795155e-03
1.880251599986809e-03
1.632748341191927e-03
1.405342664691565e-03
1.196456279928711e-03
1.004543085668560e-03
8.280723034275329e-04
6.655042472990526e-04
5.152531610661755e-04
3.756322476526806e-04
2.447698165059955e-04
1.204733686222195e-04
1.228793732959644e-17
2.192862011534267e-02
2.182907977683311e-02
2.157101699053620e-02
2.111337502660023e-02
2.044045987657005e-02
1.956014147338713e-02
1.850484209633393e-02
1.732588860929616e-02
1.608237710244121e-02
1.482931974544014e-02
1.360968637944229e-02
1.245182438009988e-02
1.137087746768297e-02
1.037202523558145e-02
9.453943339955043e-03
8.611691273127929e-03
7.838789142983856e-03
7.128529456948912e-03
6.474684721444061e-03
5.871796683448873e-03
5.315212932837819e-03
4.800996714899038e-03
4.325792479115504e-03
3.886692957286787e-03
3.481127812540475e-03
3.106778679962142e-03
2.761517689141357e-03
2.443363598686920e-03
2.150450252227815e-03
1.881004080538382e-03
1.633327806916546e-03
1.405786660549100e-03
1.196794366017510e-03
1.004798410447490e-03
8.282629083816200e-04
6.656441403537056e-04
5.153530913689119e-04
3.757002812711664e-04
2.448118172237329e-04
1.204933068902617e-04
1.117270787595471e-17
2.423409969571396e-02
2.409301790688833e-02
2.372973145229091e-02
2.309393645807702e-02
2.217785461802433e-02
2.101160590227260e-02
1.965869268352373e-02
1.820079912283190e-02
1.671811477873887e-02
1.527444073553368e-02
1.391157697948314e-02
1.265112889869540e-02
1.149961660363940e-02
1.045391099471596e-02
9.505679449805822e-03
8.644536773328668e-03
7.860027193779163e-03
7.142693531023905e-03
6.484503258756584e-03
5.878872430757851e-03
5.320480058373523e-03
4.805008580660994e-03
4.328891314379185e-03
3.889104023890507e-03
3.483009236829816e-03
3.108247283845957e-03
2.762662686481416e-03
2.444254393314910e-03
2.151141327218366e-03
1.881538356657297e-03
1.633739141458164e-03
1.406101770257486e-03
1.197034275546941e-03
1.004979569482959e-03
8.283981282554326e-04
6.657433726890425e-04
5.154239742416122e-04
3.757485383340955e-04
2.448416060356330e-04
1.205074465669289e-04
1.015820631826843e-17
2.695059144133065e-02
2.674887312098295e-02
2.623376033936176e-02
2.534660840016166e-02
2.409918332763018e-02
2.256128294304038e-02
2.084306625391261e-02
1.906353138922583e-02
1.732153014781139e-02
1.568241663917736e-02
1.417961756847781e-02
1.282296202479294e-02
1.160753942806130e-02
1.052066995865484e-02
9.546670493021901e-03
8.669802825845032e-03
7.875885544762099e-03
7.152978424088189e-03
6.491466400901151e-03
5.883802825545498e-03
5.324107769051422e-03
4.807752575514345e-03
4.331002498457712e-03
3.890742989470279e-03
3.484286459291940e-03
3.109243376419150e-03
2.763438790297824e-03
2.444857893338075e-03
2.151609335115876e-03
1.881900058725012e-03
1.634017533226011e-03
1.406314987326046e-03
1.197196581991511e-03
1.005102111978367e-03
8.284895797204489e-04
6.658104756452518e-04
5.154719057776806e-04
3.757811700328433e-04
2.448617467588428e-04
1.205170052198880e-04
6.932633792289717e-18
4.013505962969668e-02
3.956916449132118e-02
3.815609652627259e-02
3.582603807722849e-02
3.275963645570151e-02
2.929504704461754e-02
2.580046084070588e-02
2.255179862866876e-02
1.968843557021489e-02
1.724122894252224e-02
1.518030599422686e-02
1.345099588228682e-02
1.199399945931165e-02
1.075481601054979e-02
9.687318477078391e-03
8.754472820126629e-03
7.927724781495020e-03
7.185786360405715e-03
6.513203661166441e-03
5.898939452712026e-03
5.335119900129255e-03
4.816025196153829e-03
4.337342537880741e-03
3.895654070894452e-03
3.488108540069094e-03
3.112221592811233e-03
2.765757809216570e-03
2.446660277440828e-03
2.153006494380260e-03
1.882979509368644e-03
1.634848147962759e-03
1.406951005412436e-03
1.197680636099742e-03
1.005467519512053e-03
8.287622488130322e-04
6.660105257642030e-04
5.156147853276197e-04
3.758784359718649e-04
2.449217777784641e-04
1.205454941066995e-04
4.000311404009793e-18
5.580101373143724e-02
5.463077398413214e-02
5.177561709564031e-02
4.726593609463084e-02
4.168873179244161e-02
3.584264719941132e-02
3.038560772259013e-02
2.565955794747101e-02
2.174210687922852e-02
1.856862938301214e-02
1.602059975585788e-02
1.397239235883136e-02
1.231156717990471e-02
1.094528622804473e-02
9.800517754436499e-03
8.821832190241701e-03
7.968453541679346e-03
7.211238929683997e-03
6.529875035996910e-03
5.910443411556879e-03
5.343437008840103e-03
4.822249361850745e-03
4.342102271546138e-03
3.899336490778469e-03
3.490972305033748e-03
3.114452011073169e-03
2.767493959336059e-03
2.448009284156277e-03
2.154051965621104e-03
1.883787095695237e-03
1.635469493616751e-03
1.407426730290878e-03
1.198042645854954e-03
1.005740767025766e-03
8.289661423748434e-04
6.661601119520309e-04
5.157216132774722e-04
3.759511565867060e-04
2.449666591204707e-04
1.205667928386834e-04
3.637290765246141e-18
7.652120846217432e-02
7.414411787639888e-02
6.854329672358241e-02
6.026391316499896e-02
5.091315367685009e-02
4.203855013899242e-02
3.444619703893505e-02
2.829020424387711e-02
2.343006806752462e-02
1.963917846157470e-02
1.668975242202686e-02
1.438374533807226e-02
1.256016917580380e-02
1.109329973418190e-02
9.887816166548522e-03
8.873350325603033e-03
7.999325095067206e-03
7.230354464441515e-03
6.542289769518497e-03
5.918951920639633e-03
5.349559424298897e-03
4.826817805934499e-03
4.345590059609498e-03
3.902032348540040e-03
3.493067689146970e-03
3.116083402304817e-03
2.768763502477787e-03
2.448995535471905e-03
2.154816178423761e-03
1.884377341249497e-03
1.635923573541052e-03
1.407774361165208e-03
1.198307158318119e-03
1.005940408106474e-03
8.291151057792926e-04
6.662693948245119e-04
5.157996551183900e-04
3.760042810252430e-04
2.449994450936858e-04
1.205823507409166e-04
3.307056134376473e-18
1.067435278781365e-01
1.015908731811855e-01
9.017272495191983e-02
7.497553511211127e-02
6.001763342789988e-02
4.755312309165357e-02
3.782270227597806e-02
3.038277482482827e-02
2.473626188434186e-02
2.045362690558154e-02
1.719340330955539e-02
1.469108987668401e-02
1.274484271716244e-02
1.120267343135234e-02
9.951978905435465e-03
8.910995167325035e-03
8.021740469792225e-03
7.244143108069464e-03
6.551190312208746e-03
5.925021806630279e-03
5.353911975812607e-03
4.830058677223316e-03
4.348061300360451e-03
3.903941173369199e-03
3.494550757678882e-03
3.117237771238770e-03
2.769661659805263e-03
2.449693172416223e-03
2.155356690632690e-03
1.884794769435549e-03
1.636244678413173e-03
1.408020174894225e-03
1.198494188628645e-03
1.006081562601679e-03
8.292204242896182e-04
6.663466560974322e-04
5.158548291644060e-04
3.760418395611039e-04
2.450226232194117e-04
1.205933483801557e-04
3.006690389526254e-18
1.559475564893804e-01
1.436314025090038e-01
1.184726352613014e-01
9.046538139604168e-02
6.810093483072364e-02
5.202561704896302e-02
4.039787514802913e-02
3.192108548811103e-02
2.567469795940035e-02
2.103084475086523e-02
1.754737906288446e-02
1.490591940300167e-02
1.287339517644677e-02
1.127853170117757e-02
9.996316866633916e-03
8.936905504096544e-03
8.037101799440269e-03
7.253549911706248e-03
6.557236724075308e-03
5.929131046587453e-03
5.356851431929765e-03
4.832244087988579e-03
4.349726306994603e-03
3.905226633243919e-03
3.495549230048224e-03
3.118014812462681e-03
2.770266156327275e-03
2.450162662477361e-03
2.155720411155169e-03
1.885075645314305e-03
1.636460728095241e-03
1.408185559187246e-03
1.198620020386679e-03
1.006176527032062e-03
8.292912755952919e-04
6.663986303219501e-04
5.158919464071973e-04
3.760671077308597e-04
2.450382152775823e-04
1.206007453573545e-04
2.733524072487926e-18
2.517836269716545e-01
2.141259334709145e-01
1.531683229980752e-01
1.034275203672440e-01
7.433324368443803e-02
5.517656566678666e-02
4.214090646992914e-02
3.293227224147827e-02
2.628172594123624e-02
2.140048828164199e-02
1.777274300282865e-02
1.504217727131058e-02
1.295470744374299e-02
1.132639929062537e-02
1.002422825915185e-02
8.953174706885267e-03
8.046720274539124e-03
7.259422716763659e-03
6.561001183576796e-03
5.931683674508727e-03
5.358674457856802e-03
4.833598120434877e-03
4.350757339487963e-03
3.906022379736485e-03
3.496167216617335e-03
3.118495698740472e-03
2.770640224668375e-03
2.450453167291189e-03
2.155945458239076e-03
1.885249425299832e-03
1.636594393323243e-03
1.408287876036776e-03
1.198697868266476e-03
1.006235277932720e-03
8.293351052410565e-04
6.664307805686916e-04
5.159149086692644e-04
3.760827416831349e-04
2.450478607646427e-04
1.206053198594082e-04
2.485117592768897e-18
4.603005660609942e-01
3.565305558053442e-01
1.728309876843143e-01
1.126883171086958e-01
7.790411494289126e-02
5.698219667064939e-02
4.309579858547970e-02
3.347962379898493e-02
2.660633160822647e-02
2.159706430299362e-02
1.789213475366239e-02
1.511420424685879e-02
1.299761859379631e-02
1.135162568846443e-02
1.003891728211043e-02
8.961724054426872e-03
8.051766570117492e-03
7.262498597808698e-03
6.562969622675648e-03
5.933016728087184e-03
5.359625564834314e-03
4.834304123237232e-03
4.351294772729679e-03
3.906437080698625e-03
3.496489252425335e-03
3.118746284301397e-03
2.770835133312711e-03
2.450604527651250e-03
2.156062711341466e-03
1.885339964378953e-03
1.636664029201550e-03
1.408341179518006e-03
1.198738427000474e-03
1.006265887963240e-03
8.293579374264837e-04
6.664475267125922e-04
5.159268722459536e-04
3.760908898295220e-04
2.450528857839235e-04
1.206077013340501e-04
2.259243769747770e-18
2.242885106550679e+00
3.268707925666507e-01
1.885375603842925e-01
1.145560439897771e-01
7.918614449683099e-02
5.750463371237108e-02
4.338780928261235e-02
3.364193782575219e-02
2.670285689151396e-02
2.165520703448095e-02
1.792742018707093e-02
1.513546287563735e-02
1.301027580411440e-02
1.135906167603876e-02
1.004324460906924e-02
8.964240898526842e-03
8.053251191727465e-03
7.263402830851013e-03
6.563547814167009e-03
5.933408129785221e-03
5.359904663710714e-03
4.834511214339267e-03
4.351452428196050e-03
3.906558711404128e-03
3.496583705632797e-03
3.118819796542670e-03
2.770892303341291e-03
2.450648920079669e-03
2.156097102999963e-03
1.885366519005325e-03
1.636684449773573e-03
1.408356810740776e-03
1.198750325597662e-03
1.006274869717447e-03
8.293646318464528e-04
6.664524340591709e-04
5.159303829232192e-04
3.760932848959200e-04
2.450543598579825e-04
1.206083974462327e-04
2.588581692868731e-31
=======
-7.995048678081219e-26
-5.204651294249174e-25
-1.183609519957998e-24
-2.040690111129548e-24
-3.138088571859522e-24
-4.532112359743522e-24
-6.291135045697480e-24
-8.498180243957680e-24
-1.125386000076076e-23
-1.467983203697352e-23
-1.892283519540597e-23
-2.415935102885154e-23
-3.060091559720252e-23
-3.850006204510925e-23
-4.815680173365972e-23
-5.992543635794417e-23
-7.422131797534436e-23
-9.152691546366593e-23
-1.123961764991742e-22
-1.374556611998514e-22
-1.674002342274180e-22
-2.029802125934316e-22
-2.449757804805987e-22
-2.941532628453914e-22
-3.511966653080712e-22
-4.166070757805904e-22
-4.905626556852283e-22
-5.727338832702703e-22
-6.620535799418097e-22
-7.564502852565249e-22
-8.525675249172654e-22
-9.455094428344839e-22
-1.028670022349376e-21
-1.093706692340204e-21
-1.130689594700853e-21
-1.128370794056617e-21
-1.074352208317494e-21
-9.546781134053831e-22
-7.520500431519262e-22
-4.415233205779833e-22
-1.704163295960084e-22
-9.217150105033719e-07
-9.216946124862691e-07
-9.216402578858739e-07
-9.215381109785215e-07
-9.213728031293014e-07
-9.211260579682325e-07
-9.207757321018899e-07
-9.202947761862002e-07
-9.196501280454515e-07
-9.188014353430734e-07
-9.176995572974262e-07
-9.162848072081329e-07
-9.144849028994268e-07
-9.122125984458730e-07
-9.093629811912697e-07
-9.058104360321419e-07
-9.014053076756871e-07
-8.959703356511852e-07
-8.892970022850045e-07
-8.811420282152414e-07
-8.712243817577332e-07
-8.592233449457813e-07
-8.447784033375581e-07
-8.274919926300190e-07
-8.069364225145411e-07
-7.826665681570152e-07
-7.542401091910530e-07
-7.212471041625885e-07
-6.833503394222222e-07
-6.403368733458668e-07
-5.921790252212118e-07
-5.390992126309320e-07
-4.816274319742685e-07
-4.206338555497421e-07
-3.573145571326762e-07
-2.931091474993277e-07
-2.295374211532797e-07
-1.679574713608984e-07
-1.092667628066472e-07
-5.358717473836754e-08
-4.821099733234554e-22
-1.857382668908424e-06
-1.857337652060639e-06
-1.857217698590221e-06
-1.856992276592201e-06
-1.856627470485587e-06
-1.856083004970514e-06
-1.855310143009648e-06
-1.854249431630101e-06
-1.852828325352235e-06
-1.850958465042957e-06
-1.848532510719597e-06
-1.845420455542046e-06
-1.841465360711634e-06
-1.836478464586662e-06
-1.830233642136201e-06
-1.822461230625546e-06
-1.812841303880554e-06
-1.800996582752314e-06
-1.786485327224445e-06
-1.768794779329515e-06
-1.747336026108164e-06
-1.721441533582915e-06
-1.690367065546886e-06
-1.653300238440802e-06
-1.609378558774365e-06
-1.557720390482450e-06
-1.497472751218952e-06
-1.427879758980074e-06
-1.348374219427352e-06
-1.258691243736623e-06
-1.158996054281156e-06
-1.050008416838326e-06
-9.330953804431656e-07
-8.102959052563789e-07
-6.842397515332606e-07
-5.579317681621280e-07
-4.343920575322108e-07
-3.161698250252806e-07
-2.047779661615577e-07
-1.001192791066088e-07
-8.319721509723415e-22
-2.881386202219211e-06
-2.881305988255793e-06
-2.881092285669345e-06
-2.880691936479258e-06
-2.880048865127882e-06
-2.879095344480535e-06
-2.877748600743976e-06
-2.875907350863800e-06
-2.873447868291749e-06
-2.870219380793935e-06
-2.866038675100037e-06
-2.860683805592531e-06
-2.853886825293592e-06
-2.845325492922943e-06
-2.834613971055349e-06
-2.821292629403462e-06
-2.804817217531241e-06
-2.784547887518987e-06
-2.759738844299356e-06
-2.729529794854334e-06
-2.692940874030447e-06
-2.648873365188582e-06
-2.596119331788836e-06
-2.533384238623220e-06
-2.459327698565565e-06
-2.372628360846816e-06
-2.272079025622990e-06
-2.156716253439388e-06
-2.025983744301902e-06
-1.879919733592138e-06
-1.719346072732873e-06
-1.546022927120019e-06
-1.362722198548896e-06
-1.173169639989092e-06
-9.818143951875154e-07
-7.934073532132903e-07
-6.124035805532897e-07
-4.422398504020915e-07
-2.845641559676672e-07
-1.384980746820168e-07
-1.050680987575354e-21
-4.065621007655091e-06
-4.065492679954231e-06
-4.065150797523381e-06
-4.064509874301967e-06
-4.063478582515263e-06
-4.061947163107481e-06
-4.059781880119472e-06
-4.056819332464507e-06
-4.052860152501962e-06
-4.047661709036407e-06
-4.040929616154333e-06
-4.032307906822057e-06
-4.021367780751782e-06
-4.007594913299455e-06
-3.990375437478511e-06
-3.968980905232194e-06
-3.942552818800762e-06
-3.910087721668425e-06
-3.870424376771344e-06
-3.822235267423135e-06
-3.764025569414610e-06
-3.694143893309552e-06
-3.610810474681792e-06
-3.512169952896670e-06
-3.396376994389065e-06
-3.261722911024640e-06
-3.106808783071845e-06
-2.930764007017356e-06
-2.733497872390271e-06
-2.515956433501412e-06
-2.280340273624285e-06
-2.030225337285192e-06
-1.770524652335375e-06
-1.507239296734334e-06
-1.246975705914164e-06
-9.962500968218108e-07
-7.606468264628354e-07
-5.439259007815587e-07
-3.471701108341398e-07
-1.680244666821598e-07
-1.160047440737931e-21
-5.483004795582783e-06
-5.482803123362114e-06
-5.482265772837121e-06
-5.481258709480714e-06
-5.479639779145725e-06
-5.477237590945850e-06
-5.473842897782564e-06
-5.469199811763040e-06
-5.462995971962134e-06
-5.454851175200868e-06
-5.444304233525942e-06
-5.430797932723205e-06
-5.413662082393118e-06
-5.392094814497731e-06
-5.365142533342463e-06
-5.331679276328077e-06
-5.290386747675922e-06
-5.239736980326014e-06
-5.177980516366805e-06
-5.103144230091763e-06
-5.013044489035895e-06
-4.905323216291482e-06
-4.777516337945992e-06
-4.627165453202714e-06
-4.451983221431684e-06
-4.250079342131418e-06
-4.020245502590280e-06
-3.762283422838776e-06
-3.477340944892665e-06
-3.168200206443471e-06
-2.839445172121201e-06
-2.497431033655955e-06
-2.149993003081115e-06
-1.805870759618772e-06
-1.473882928095110e-06
-1.161946728858218e-06
-8.760740761905914e-07
-6.194650442292593e-07
-3.917578558098453e-07
-1.884045906951409e-07
-1.182254893470018e-21
-7.221852439643917e-06
-7.221535718530431e-06
-7.220691866808567e-06
-7.219109849402157e-06
-7.216564339636924e-06
-7.212784762264759e-06
-7.207441846308494e-06
-7.200133960916272e-06
-7.190372156287103e-06
-7.177563087061313e-06
-7.160989495305827e-06
-7.139788146355144e-06
-7.112925337235217e-06
-7.079170423814541e-06
-7.037068298069962e-06
-6.984912447454046e-06
-6.920721203729301e-06
-6.842221099965374e-06
-6.746842954289570e-06
-6.631738398393847e-06
-6.493826960399262e-06
-6.329886134494412e-06
-6.136698332018880e-06
-5.911267848810310e-06
-5.651116120184081e-06
-5.354652581050381e-06
-5.021600198785179e-06
-4.653430056040190e-06
-4.253732440478051e-06
-3.828430887212378e-06
-3.385741472953564e-06
-2.935802596184040e-06
-2.489954300931375e-06
-2.059722950760234e-06
-1.655645636359303e-06
-1.286117278206057e-06
-9.564276331765683e-07
-6.680732373395468e-07
-4.183123687148682e-07
-1.998037202729145e-07
-1.138853788053852e-21
-9.385345490187007e-06
-9.384847146896388e-06
-9.383519450029499e-06
-9.381031614747172e-06
-9.377033428433683e-06
-9.371103393216151e-06
-9.362728100267152e-06
-9.351281574407852e-06
-9.336002558505913e-06
-9.315968769137705e-06
-9.290067863678982e-06
-9.256965253294360e-06
-9.215069351790562e-06
-9.162495492484438e-06
-9.097030661866398e-06
-9.016102475013467e-06
-8.916757537944988e-06
-8.795656574984229e-06
-8.649096453018024e-06
-8.473072360939755e-06
-8.263396426320619e-06
-8.015890936728756e-06
-7.726673274072385e-06
-7.392543112465545e-06
-7.011467632448812e-06
-6.583135880623158e-06
-6.109520469166772e-06
-5.595349888646432e-06
-5.048369177579776e-06
-4.479264943191595e-06
-3.901165582836696e-06
-3.328702914470937e-06
-2.776724074034600e-06
-2.258841281044682e-06
-1.786064458592163e-06
-1.365745686604521e-06
-1.000956515122292e-06
-6.902607704961496e-07
-4.277194682300507e-07
-2.028385754888774e-07
-1.049816103201703e-21
-1.211110831017775e-05
-1.211032310657385e-05
-1.210823145472074e-05
-1.210431247160446e-05
-1.209801433567866e-05
-1.208867434413430e-05
-1.207548699480655e-05
-1.205747239156828e-05
-1.203344203578340e-05
-1.200196060800375e-05
-1.196130363084562e-05
-1.190941167772016e-05
-1.184384270632009e-05
-1.176172535468235e-05
-1.165971777184493e-05
-1.153397887590898e-05
-1.138016192484147e-05
-1.119344395654254e-05
-1.096860880627368e-05
-1.070020539822658e-05
-1.038280539875951e-05
-1.001138257330003e-05
-9.581826745645665e-06
-9.091584490683448e-06
-8.540384961244485e-06
-7.930965479728438e-06
-7.269666932072170e-06
-6.566738752383092e-06
-5.836195721203319e-06
-5.095120014503525e-06
-4.362406700145221e-06
-3.657090437988279e-06
-2.996518030601332e-06
-2.394691069463736e-06
-1.861069692607886e-06
-1.400002683838744e-06
-1.010747524114893e-06
-6.878596412155872e-07
-4.216715786009006e-07
-1.984947017807418e-07
-9.326475109718238e-22
-1.557720394408133e-05
-1.557596277615156e-05
-1.557265642657997e-05
-1.556646237135267e-05
-1.555651159317299e-05
-1.554176059494863e-05
-1.552094207798285e-05
-1.549251691641282e-05
-1.545462284731920e-05
-1.540501829207527e-05
-1.534102184970523e-05
-1.525944942752496e-05
-1.515655268491451e-05
-1.502796478569179e-05
-1.486866259221622e-05
-1.467295854261246e-05
-1.443454055445158e-05
-1.414658408173436e-05
-1.380196589676416e-05
-1.339361206699095e-05
-1.291500925498182e-05
-1.236089411038635e-05
-1.172810587653171e-05
-1.101654129555587e-05
-1.023009326432393e-05
-9.377397815654237e-06
-8.472177719672030e-06
-7.532980025850097e-06
-6.582180857499349e-06
-5.644277731785189e-06
-4.743678720334828e-06
-3.902363071901341e-06
-3.137848824052595e-06
-2.461824494968025e-06
-1.879630009140281e-06
-1.390551417443154e-06
-9.886587553503830e-07
-6.638014766361601e-07
-4.024471505633982e-07
-1.879969453776523e-07
-8.017666747567809e-22
-2.002568022866495e-05
-2.002369771216692e-05
-2.001841697492204e-05
-2.000852739596665e-05
-1.999265046471494e-05
-1.996913230737132e-05
-1.993596793359551e-05
-1.989072903844895e-05
-1.983048799448907e-05
-1.975173656006019e-05
-1.965030135949724e-05
-1.952126091307205e-05
-1.935887235657542e-05
-1.915652046436406e-05
-1.890670740402389e-05
-1.860110876833260e-05
-1.823072925583023e-05
-1.778619825825783e-05
-1.725824833886337e-05
-1.663841320787483e-05
-1.591996043570546e-05
-1.509903295532294e-05
-1.417591149063260e-05
-1.315623354867833e-05
-1.205192963591839e-05
-1.088159177976508e-05
-9.670009738748069e-06
-8.446727061309334e-06
-7.243681431886710e-06
-6.092249490181465e-06
-5.020222383246176e-06
-4.049297062377714e-06
-3.193528802998119e-06
-2.458916530894473e-06
-1.844029832071809e-06
-1.341365682845169e-06
-9.389500167987992e-07
-6.217465406850546e-07
-3.726370581171645e-07
-1.726693996092256e-07
-6.682680155982054e-22
-2.578421369552097e-05
-2.578102204042660e-05
-2.577252130785001e-05
-2.575660845603486e-05
-2.573108584278071e-05
-2.569331673850965e-05
-2.564010869009801e-05
-2.556760552208627e-05
-2.547117567872426e-05
-2.534529704952286e-05
-2.518344429450250e-05
-2.497798989363699e-05
-2.472013659466048e-05
-2.439990711334614e-05
-2.400622670961451e-05
-2.352714459582264e-05
-2.295024857385752e-05
-2.226332945768801e-05
-2.145534137493100e-05
-2.051767354591711e-05
-1.944569222263854e-05
-1.824042622932523e-05
-1.691016373401601e-05
-1.547162524618191e-05
-1.395032152092019e-05
-1.237974943991327e-05
-1.079926324254119e-05
-9.250769061653875e-06
-7.774738398743932e-06
-6.406282189086929e-06
-5.172056548723004e-06
-4.088550347523307e-06
-3.161903634464277e-06
-2.389021284204660e-06
-1.759550347661898e-06
-1.258188034170330e-06
-8.667496137848000e-07
-5.656717154256920e-07
-3.348829939326866e-07
-1.538130562513470e-07
-5.400503720597896e-22
-3.330874960690721e-05
-3.330356355136251e-05
-3.328975257404130e-05
-3.326390821629130e-05
-3.322248358267776e-05
-3.316122857745247e-05
-3.307500917570713e-05
-3.295764634262535e-05
-3.280175583592904e-05
-3.259859346390883e-05
-3.233792090131027e-05
-3.200791690482669e-05
-3.159517027140074e-05
-3.108480416952730e-05
-3.046079510403916e-05
-2.970656041326584e-05
-2.880589002444156e-05
-2.774428264783437e-05
-2.651070305804262e-05
-2.509969555304362e-05
-2.351366555797370e-05
-2.176498946393975e-05
-1.987747182049744e-05
-1.788660703988962e-05
-1.583819697356289e-05
-1.378516903246822e-05
-1.178289191483700e-05
-9.883755607559074e-06
-8.132069123178153e-06
-6.560285280593613e-06
-5.187193920191331e-06
-4.018175787497038e-06
-3.047085723587137e-06
-2.259075466048898e-06
-1.633710493057822e-06
-1.147803899835211e-06
-7.774948072752610e-07
-4.995017814449528e-07
-2.916694547273119e-07
-1.326162299811283e-07
-4.222100555595303e-22
-4.323880299603124e-05
-4.323027733288792e-05
-4.320757359697044e-05
-4.316509708041288e-05
-4.309704258181187e-05
-4.299647121259875e-05
-4.285503192909292e-05
-4.266272726528346e-05
-4.240769685773366e-05
-4.207603359441961e-05
-4.165166606047190e-05
-4.111635818073376e-05
-4.044989584631304e-05
-3.963054940549382e-05
-3.863591562873472e-05
-3.744424469276453e-05
-3.603633388113238e-05
-3.439800348867179e-05
-3.252304661819147e-05
-3.041636029383728e-05
-2.809674600351801e-05
-2.559867989326618e-05
-2.297229937635559e-05
-2.028103856349261e-05
-1.759681154048814e-05
-1.499330324873191e-05
-1.253855492605803e-05
-1.028834263336220e-05
-8.281665042313487e-06
-6.539039831818496e-06
-5.063534307136872e-06
-3.843818216267140e-06
-2.858216328406191e-06
-2.078851637071744e-06
-1.475294547961230e-06
-1.017305065635466e-06
-6.764496782500111e-07
-4.268326948364467e-07
-2.451860032738411e-07
-1.101010611819656e-07
-3.175725008138191e-22
-5.648683712990859e-05
-5.647260049528188e-05
-5.643469254670609e-05
-5.636379374960758e-05
-5.625027357250671e-05
-5.608266457193502e-05
-5.584724103125231e-05
-5.552769488313087e-05
-5.510487364697510e-05
-5.455661840385620e-05
-5.385777310809222e-05
-5.298046597149213e-05
-5.189479202824669e-05
-5.057004703894082e-05
-4.897666340028447e-05
-4.708895814366366e-05
-4.488869624029248e-05
-4.236927891715960e-05
-3.954008893819376e-05
-3.643021032713609e-05
-3.309049551091832e-05
-2.959293191169244e-05
-2.602660643439393e-05
-2.249031458974255e-05
-1.908283955008908e-05
-1.589275845875717e-05
-1.298990954704711e-05
-1.042019657716642e-05
-8.204406094007473e-06
-6.340614909302134e-06
-4.809004164720307e-06
-3.577645305654415e-06
-2.608033040971395e-06
-1.859661991665594e-06
-1.293390275807010e-06
-8.734715801073451e-07
-5.683569131453551e-07
-3.507615186988754e-07
-1.972574195153097e-07
-8.710163693441630e-08
-2.272530617050044e-22
-7.437876951421306e-05
-7.435458958338619e-05
-7.429021961797040e-05
-7.416989008158998e-05
-7.397739506286164e-05
-7.369353665890163e-05
-7.329550292843609e-05
-7.275645951304207e-05
-7.204531300539597e-05
-7.112673637615931e-05
-6.996160388718616e-05
-6.850802768902283e-05
-6.672321789442099e-05
-6.456638230219911e-05
-6.200280945305720e-05
-5.900910273606329e-05
-5.557922821100631e-05
-5.173061706636992e-05
-4.750910761373294e-05
-4.299119369457224e-05
-3.828210575188825e-05
-3.350889354893505e-05
-2.880890690097951e-05
-2.431553794356337e-05
-2.014416316191263e-05
-1.638132137834975e-05
-1.307916793481910e-05
-1.025563118879857e-05
-7.899198679905390e-06
-5.976406020541599e-06
-4.440020782140657e-06
-3.236390866583278e-06
-2.311144046695576e-06
-1.613104434835694e-06
-1.096599976252175e-06
-7.223384763910012e-07
-4.572358532127850e-07
-2.738131269792522e-07
-1.493284246232938e-07
-6.426566057313448e-08
-1.511717631714221e-22
-9.888617143481226e-05
-9.884432160978647e-05
-9.873294582458952e-05
-9.852487363357884e-05
-9.819235189900000e-05
-9.770273959673296e-05
-9.701763412423227e-05
-9.609247623355097e-05
-9.487659889840040e-05
-9.331391882141462e-05
-9.134455768661172e-05
-8.890772465247790e-05
-8.594617295903104e-05
-8.241241499507350e-05
-7.827658770211283e-05
-7.353536939398845e-05
-6.822068912153339e-05
-6.240628700125491e-05
-5.620977491758221e-05
-4.978810578190607e-05
-4.332557776243049e-05
-3.701556381976217e-05
-3.103936206966960e-05
-2.554684402235496e-05
-2.064316388186409e-05
-1.638379978958696e-05
-1.277761963370164e-05
-9.795691481876743e-06
-7.382795917921036e-06
-5.468904667688058e-06
-3.978799484038921e-06
-2.839047541552093e-06
-1.982389879812281e-06
-1.350055539725327e-06
-8.925023822803948e-07
-5.689564208380076e-07
-3.463084128178754e-07
-1.979409492282286e-07
-1.024859354072292e-07
-4.207110323595749e-08
-8.848221735885043e-23
-1.330141925522849e-04
-1.329401051624535e-04
-1.327430055380661e-04
-1.323750557588669e-04
-1.317877607680895e-04
-1.309246695602710e-04
-1.297203056289805e-04
-1.281001835497366e-04
-1.259819168628481e-04
-1.232778164241749e-04
-1.198994810687240e-04
-1.157648455949736e-04
-1.108079228891375e-04
-1.049909748060864e-04
-9.831802115880750e-05
-9.084751579220500e-05
-8.270096665975511e-05
-7.406379616288230e-05
-6.517549027781449e-05
-5.630844496958725e-05
-4.773845213991136e-05
-3.971304545938276e-05
-3.242516482954575e-05
-2.599791570356295e-05
-2.048239571501103e-05
-1.586658079554072e-05
-1.209085583766576e-05
-9.065485925608025e-06
-6.686485379604532e-06
-4.847938574689536e-06
-3.450239759276692e-06
-2.404713295528425e-06
-1.635553120930158e-06
-1.080001909936156e-06
-6.873690981803808e-07
-4.173171918894480e-07
-2.380195981424703e-07
-1.245759429670751e-07
-5.750288791787566e-08
-2.085055280617983e-08
-3.790267550065755e-23
-1.814778096523540e-04
-1.813430135198294e-04
-1.809845843673594e-04
-1.803161676749412e-04
-1.792511906243351e-04
-1.776903411689755e-04
-1.755207667642403e-04
-1.726177535579746e-04
-1.688489820868269e-04
-1.640820799495971e-04
-1.581961771078553e-04
-1.510977572633715e-04
-1.427401913081407e-04
-1.331448756057102e-04
-1.224200518771149e-04
-1.107717436920756e-04
-9.850083573131023e-05
-8.598225918052190e-05
-7.362691339936747e-05
-6.183309878813870e-05
-5.093894269498048e-05
-4.118763713621308e-05
-3.271269831212450e-05
-2.554340842065358e-05
-1.962479017202484e-05
-1.484413392264044e-05
-1.105710470240141e-05
-8.109168750501052e-06
-5.850762661331376e-06
-4.146427001226976e-06
-2.879075310940812e-06
-1.950930026140014e-06
-1.282525345664637e-06
-8.107053717436872e-07
-4.860920047498494e-07
-2.703978991956026e-07
-1.341171780227886e-07
-5.470101890382499e-08
-1.489110210240242e-08
-8.179305301562676e-10
2.045094455908253e-24
-2.519355008704327e-04
-2.516821554956417e-04
-2.510090111442948e-04
-2.497556176324709e-04
-2.477637102272234e-04
-2.448554905614131e-04
-2.408349077968677e-04
-2.354946599743794e-04
-2.286291037588029e-04
-2.200540544319779e-04
-2.096337681471028e-04
-1.973136750858423e-04
-1.831546990814291e-04
-1.673617183233662e-04
-1.502961550473086e-04
-1.324628388413675e-04
-1.144660775207915e-04
-9.693937724679397e-05
-8.046409312717502e-05
-6.549838498398686e-05
-5.233468837903818e-05
-4.109280451550492e-05
-3.174316096330225e-05
-2.414722763110449e-05
-1.810148849301108e-05
-1.337546452375731e-05
-9.739530697418691e-06
-6.982308736809457e-06
-4.919500446548607e-06
-3.396593357906176e-06
-2.287731421489213e-06
-1.492645719393320e-06
-9.329144604115717e-07
-5.481384801584111e-07
-2.922588611637786e-07
-1.302770104139113e-07
-3.576038843049011e-08
1.106616365628658e-08
2.504536257449565e-08
1.790583046718428e-08
3.287450102933286e-23
-3.573515059829608e-04
-3.568563557512919e-04
-3.555420940369466e-04
-3.531002067573422e-04
-3.492333755720304e-04
-3.436179123483099e-04
-3.359132494489706e-04
-3.257847362746226e-04
-3.129393506289975e-04
-2.971741616975337e-04
-2.784340709616586e-04
-2.568699972675230e-04
-2.328825753221465e-04
-2.071324395480077e-04
-1.805004575165107e-04
-1.539932745277969e-04
-1.286097281222870e-04
-1.052027692175557e-04
-8.437669874148952e-05
-6.644545583308836e-05
-5.145270595588799e-05
-3.923376519846908e-05
-2.949244169534587e-05
-2.187135462320057e-05
-1.600478609850749e-05
-1.155214260084362e-05
-8.215184681962089e-06
-5.743826170810595e-06
-3.934904233418733e-06
-2.627208814604700e-06
-1.695041336454239e-06
-1.041762308918943e-06
-5.940005761077329e-07
-2.966050183223256e-07
-1.083155707774212e-07
1.716562942214639e-09
5.636422575317375e-08
7.239316210182917e-08
6.216140499541028e-08
3.526999514283221e-08
5.603309071483090e-23
-5.207925819426032e-04
-5.197764089285039e-04
-5.170833924022116e-04
-5.120951131531465e-04
-5.042363377142506e-04
-4.929114510712517e-04
-4.775421834478657e-04
-4.576355321576254e-04
-4.328765488682108e-04
-4.032367884152276e-04
-3.690783379893065e-04
-3.312212133179862e-04
-2.909358719146770e-04
-2.498325286793866e-04
-2.096507751405562e-04
-1.719977140365307e-04
-1.381140430998719e-04
-1.087399486862146e-04
-8.410775043488387e-05
-6.403589334390836e-05
-4.807041228697190e-05
-3.562337370987299e-05
-2.607925598718930e-05
-1.886206931227486e-05
-1.346917331988721e-05
-9.482085907244555e-06
-6.563766091728347e-06
-4.449259342660974e-06
-2.933982079284004e-06
-1.862026615935122e-06
-1.115745111301177e-06
-6.071352464728875e-07
-2.709236675870358e-07
-5.896456404991486e-08
6.423436014621200e-08
1.248488160036520e-07
1.419336266501653e-07
1.291616371327039e-07
9.642903977140992e-08
5.127487627502935e-08
7.284543279938663e-23
-7.859591099340305e-04
-7.837380894667715e-04
-7.778650941645015e-04
-7.670377149177621e-04
-7.501122307686324e-04
-7.260048870046972e-04
-6.938209455862645e-04
-6.530464595292258e-04
-6.037695951897835e-04
-5.468797427033879e-04
-4.841665521007235e-04
-4.182353854732176e-04
-3.521960093295816e-04
-2.891718444573831e-04
-2.317756572754023e-04
-1.817320091935016e-04
-1.397601380518126e-04
-1.057067587288605e-04
-7.882242040249533e-05
-5.805686030033926e-05
-4.229157677195038e-05
-3.048439926205364e-05
-2.173825810011471e-05
-1.531927680891179e-05
-1.064717297512636e-05
-7.273762285332892e-06
-4.858616096270653e-06
-3.146270725627631e-06
-1.946673002200134e-06
-1.119262901717536e-06
-5.605735752989178e-07
-1.948635711019169e-07
3.300434810222123e-08
1.631022210928339e-07
2.246274155465406e-07
2.388373058827844e-07
2.208930210979847e-07
1.814077280227954e-07
1.279031655668646e-07
6.595638627793853e-08
8.448624883984595e-23
-1.242787143610654e-03
-1.237505266561696e-03
-1.223590793138957e-03
-1.198124502949922e-03
-1.158796012946838e-03
-1.103791566407019e-03
-1.032220873142983e-03
-9.446200095183894e-04
-8.433544467591369e-04
-7.327073101072218e-04
-6.184705907861517e-04
-5.070246213950686e-04
-4.041499659098014e-04
-3.139998653568537e-04
-2.386067789772565e-04
-1.780201299291880e-04
-1.308780413770531e-04
-9.509606649981237e-05
-6.842942553251379e-05
-4.881670118211681e-05
-3.452947944604699e-05
-2.419705090948803e-05
-1.676952045441518e-05
-1.146005604990098e-05
-7.687006176066275e-06
-5.024161947891808e-06
-3.161063565254197e-06
-1.872480957642818e-06
-9.953776807776031e-07
-4.118328428401965e-07
-3.669396355172327e-08
1.912729211830406e-07
3.159448411954063e-07
3.688301922871516e-07
3.726551162810683e-07
3.437276371759551e-07
2.933771931315994e-07
2.292741862971900e-07
1.566945664089070e-07
7.937397696147082e-08
9.197323193448975e-23
-2.102184492350378e-03
-2.087745670145738e-03
-2.049981645850696e-03
-1.981894107664342e-03
-1.879267498520779e-03
-1.740720940128519e-03
-1.568862439251670e-03
-1.370979064839707e-03
-1.158627190527342e-03
-9.458475815305992e-04
-7.463684926070085e-04
-5.707919808592076e-04
-4.248808328020837e-04
-3.094894538669712e-04
-2.218220150405336e-04
-1.571888151196744e-04
-1.105101889564443e-04
-7.723023394040672e-05
-5.367767593191566e-05
-3.707682852415605e-05
-2.540456090663021e-05
-1.721472239653160e-05
-1.148315691153322e-05
-7.487104747894706e-06
-4.716688795355535e-06
-2.811853923384810e-06
-1.518065627319769e-06
-6.551873159417196e-07
-9.546040336715200e-08
2.519679318973875e-07
4.516743408601895e-07
5.493353201865394e-07
5.771882394026857e-07
5.581326530268857e-07
5.085063507478820e-07
4.397925599979180e-07
3.596482486563751e-07
2.729732583710551e-07
1.829492589093473e-07
9.160148811592540e-08
7.302722109590633e-23
-2.836930625115894e-03
-2.811644495087677e-03
-2.745907709388527e-03
-2.628635239110760e-03
-2.454910972361727e-03
-2.226187897539376e-03
-1.951864976863360e-03
-1.649171028945883e-03
-1.340518124846873e-03
-1.048719536370480e-03
-7.918437758871913e-04
-5.799048545426466e-04
-4.145571882221544e-04
-2.912589658493002e-04
-2.023492008595008e-04
-1.396489436668376e-04
-9.598995778615050e-05
-6.576339468713298e-05
-4.486920810484626e-05
-3.042212958365324e-05
-2.042791396291960e-05
-1.351626572603527e-05
-8.745228079181684e-06
-5.465076434005543e-06
-3.225564775696706e-06
-1.713255202036512e-06
-7.091936213501783e-07
-6.001127572262416e-08
3.421216893664241e-07
5.733183951681357e-07
6.872582616226329e-07
7.215598623443122e-07
7.025449315902874e-07
6.487989366900429e-07
5.734833431708405e-07
4.856921703484034e-07
3.912833128303236e-07
2.938161018656034e-07
1.954620369991704e-07
9.742557251915708e-08
4.877036800088926e-23
-3.861809392825405e-03
-3.817364549548632e-03
-3.702344538456477e-03
-3.499896408091864e-03
-3.206270788083576e-03
-2.831292048671856e-03
-2.399381566705717e-03
-1.946230051476350e-03
-1.510761834562514e-03
-1.125363478101228e-03
-8.088829386713683e-04
-5.653034619975304e-04
-3.874177739621172e-04
-2.624574223993400e-04
-1.768601781404145e-04
-1.189900292062123e-04
-8.002002301733577e-05
-5.373556854494175e-05
-3.593834431070605e-05
-2.384112184481894e-05
-1.559739588901966e-05
-9.977020957138571e-06
-6.153674899854878e-06
-3.567391253718936e-06
-1.835471642494462e-06
-6.944956113309424e-07
3.775095989557293e-08
4.877612291093636e-07
7.437727759576897e-07
8.676439354041781e-07
9.026509811028946e-07
8.787980273977873e-07
8.168626724611117e-07
7.314102229221708e-07
6.326509868035779e-07
5.274666225100757e-07
4.200602912623033e-07
3.127667312621788e-07
2.068348108685762e-07
1.027180684095690e-07
4.669044268874802e-23
-5.317091352736887e-03
-5.237239677680674e-03
-5.033525833231645e-03
-4.680710781588241e-03
-4.182758785951701e-03
-3.570790703648403e-03
-2.900432013547445e-03
-2.238842194271594e-03
-1.646013130454992e-03
-1.159368861973403e-03
-7.891811996664977e-04
-5.245827730759138e-04
-3.440933754213794e-04
-2.246863423760041e-04
-1.468914320046717e-04
-9.635154772675023e-05
-6.334405232617747e-05
-4.159708647725987e-05
-2.714484344534330e-05
-1.747818061890321e-05
-1.099037832719891e-05
-6.636568281846643e-06
-3.727318859785113e-06
-1.801812894032757e-06
-5.485289772850510e-07
2.449894602326774e-07
7.244393893340823e-07
9.901008655433324e-07
1.111378124770627e-06
1.136586275656201e-06
1.099209202139224e-06
1.022133734555567e-06
9.209852046073719e-07
8.066078394551267e-07
6.864854312438905e-07
5.654613542861203e-07
4.462227780041531e-07
3.299889619527370e-07
2.171674973965642e-07
1.075259405246856e-07
4.438928664456165e-23
-7.418113450282815e-03
-7.274734474662497e-03
-6.906918782612240e-03
-6.285273339193952e-03
-5.437548640683862e-03
-4.445599398269677e-03
-3.424945314386026e-03
-2.489749531522089e-03
-1.717653252645742e-03
-1.135324100917216e-03
-7.276665632971568e-04
-4.581827783329511e-04
-2.868842709131574e-04
-1.802489620742563e-04
-1.141452123607753e-04
-7.282282309962789e-05
-4.660390744936166e-05
-2.970715230459885e-05
-1.868240240588435e-05
-1.143412443370563e-05
-6.656955555886224e-06
-3.517945304177019e-06
-1.475179467887397e-06
-1.704112472768969e-07
6.363846332920209e-07
1.107564380989995e-06
1.353509082820636e-06
1.449471979849995e-06
1.447056105414615e-06
1.381881251061219e-06
1.278312566991066e-06
1.152639777004578e-06
1.015731154508956e-06
8.750048806076826e-07
7.354370509703006e-07
6.000006542186078e-07
4.699982194880840e-07
3.456350645481218e-07
2.265526294309654e-07
1.118925735243250e-07
4.195834055427549e-23
-1.052467888198230e-02
-1.024538203807748e-02
-9.573608182550829e-03
-8.462511496894341e-03
-7.016935593366845e-03
-5.427221123588384e-03
-3.914881307854583e-03
-2.647805483998676e-03
-1.696027552074044e-03
-1.042371463571991e-03
-6.239420247628499e-04
-3.694197698004798e-04
-2.193318222897797e-04
-1.317614744265014e-04
-8.026147879919521e-05
-4.934108379004670e-05
-3.030594622339628e-05
-1.832910106492037e-05
-1.068329490315593e-05
-5.772349372899582e-06
-2.625071490191573e-06
-6.313349059074641e-07
6.010593121315116e-07
1.328855060061972e-06
1.722642566577258e-06
1.896787022773027e-06
1.928198181396474e-06
1.868615816551360e-06
1.753031438882091e-06
1.605285652850411e-06
1.441322078202462e-06
1.271354729850009e-06
1.101881738131758e-06
9.371801037796502e-07
7.799276829466706e-07
6.313865743183389e-07
4.915975862869785e-07
3.598457685975932e-07
2.350754698208582e-07
1.158578607450460e-07
3.946846953008041e-23
-1.514719887098152e-02
-1.468546381920544e-02
-1.339996214872887e-02
-1.140020385119922e-02
-8.933324029972683e-03
-6.434499246984822e-03
-4.277706247841257e-03
-2.653916624591305e-03
-1.557329025218856e-03
-8.774428339704130e-04
-4.826869621681793e-04
-2.638607222774147e-04
-1.455812242646640e-04
-8.177378908239435e-05
-4.665079773000491e-05
-2.663814468549018e-05
-1.481436336059845e-05
-7.637876732067404e-06
-3.227580050334999e-06
-5.262074566074084e-07
1.094342188281839e-06
2.022585402747522e-06
2.504944928997825e-06
2.700846905088664e-06
2.715089723518906e-06
2.616943612730177e-06
2.452072151061239e-06
2.250392136701106e-06
2.031544723740342e-06
1.808526266846280e-06
1.589551961892111e-06
1.379267981678134e-06
1.180173345288349e-06
9.936746890254863e-07
8.203495050199489e-07
6.598987609838279e-07
5.112155617890452e-07
3.727505552298144e-07
2.428142745545313e-07
1.194583553353000e-07
3.697387224400230e-23
-2.271249903664406e-02
-2.131038782718153e-02
-1.900011440973095e-02
-1.528092636008236e-02
-1.112140148471849e-02
-7.301256107664840e-03
-4.391143960935100e-03
-2.454393285099305e-03
-1.290939188834900e-03
-6.467467229397779e-04
-3.128095831850236e-04
-1.482697085374283e-04
-6.973451154408082e-05
-3.248472729922018e-05
-1.440505806896755e-05
-5.229746932354312e-06
-3.631743575692090e-07
2.265865261846038e-06
3.646047040665885e-06
4.293701812087132e-06
4.502752828101388e-06
4.449815050072735e-06
4.243553981992713e-06
3.952233285449363e-06
3.619447831956266e-06
3.272702908123212e-06
2.928825367520377e-06
2.597667049404359e-06
2.284790007612711e-06
1.993265785636184e-06
1.724251645729706e-06
1.477310808183176e-06
1.251293683104185e-06
1.044991032823078e-06
8.570650444754520e-07
6.857949064979811e-07
5.290310764283546e-07
3.844681387932562e-07
2.498406498506229e-07
1.227274589051957e-07
3.451532619867050e-23
-3.162774521796038e-02
-3.260339282434815e-02
-2.684471957283292e-02
-2.036996634301965e-02
-1.330040564268724e-02
-7.761491316191722e-03
-4.129251288955200e-03
-2.018106655536738e-03
-9.038925337816661e-04
-3.647742865696891e-04
-1.256760996128433e-04
-2.947520956666379e-05
4.650286164315530e-06
1.441431211333537e-05
1.572176191374522e-05
1.456541896982074e-05
1.292180620388118e-05
1.133943475001071e-05
9.929695085017658e-06
8.693068662828518e-06
7.610175582297621e-06
6.660766561820909e-06
5.826171548938678e-06
5.090727260554472e-06
4.441876668877193e-06
3.868866985886703e-06
3.362141736097632e-06
2.913236372297512e-06
2.514873540506165e-06
2.161081301502541e-06
1.846595200826959e-06
1.566351840967089e-06
1.315880449088886e-06
1.091592945548792e-06
8.904079416478551e-07
7.093116048170089e-07
5.452080621981635e-07
3.951070640908431e-07
2.562199629127643e-07
1.256956299029182e-07
2.206445198595711e-21
-5.106242645555126e-02
-3.821435040586844e-02
-3.261060814922501e-02
-2.141976900563999e-02
-1.277876598019596e-02
-7.070501403199432e-03
-3.645376566084707e-03
-1.747889664788066e-03
-7.719729707443281e-04
-3.064201809151986e-04
-1.018588481302525e-04
-2.036012881049964e-05
8.016345519194677e-06
1.568778332804558e-05
1.626383579658525e-05
1.484324459871439e-05
1.308925522765291e-05
1.144973431465062e-05
1.000527941575890e-05
8.745816257158262e-06
7.647317478676793e-06
6.687176984387289e-06
5.845066125109365e-06
5.104275635891514e-06
4.451651161512776e-06
3.875962325554803e-06
3.367308181275303e-06
2.917003455565772e-06
2.517614968629705e-06
2.163075255612545e-06
1.848050860440268e-06
1.567413394839335e-06
1.316649333915128e-06
1.092147411601089e-06
8.908064648118962e-07
7.095948629179403e-07
5.454034305079239e-07
3.952343971223563e-07
2.562947073611889e-07
1.257295893399269e-07
4.180555543736811e-21
-4.517501806033760e-02
-8.723410483824959e-02
-4.302179769819294e-02
-2.134805966601237e-02
-1.048673453083296e-02
-5.075630539300566e-03
-2.397070323668729e-03
-1.085181422837398e-03
-4.578314171348201e-04
-1.707972795277638e-04
-4.813159518950673e-05
-7.700988717906878e-07
1.463773114169712e-05
1.781927583163174e-05
1.696943923855177e-05
1.511912001775104e-05
1.322892188178842e-05
1.153563140549293e-05
1.006296386322503e-05
8.785787866047962e-06
7.675332779845604e-06
6.707093379556770e-06
5.859333980555732e-06
5.114443860018552e-06
4.458959989764885e-06
3.881282245160121e-06
3.371193485112375e-06
2.919845808054364e-06
2.519676838706062e-06
2.164565246118225e-06
1.849142506596942e-06
1.568213610438804e-06
1.317226876755005e-06
1.092563380558613e-06
8.911087499156404e-07
7.098136207376594e-07
5.455552307786431e-07
3.953312610918812e-07
2.563486400361250e-07
1.257525832535990e-07
3.800610431360526e-21
-7.033114883886125e-01
-1.208741406360692e-01
-4.192508957855757e-02
-1.537794062153358e-02
-5.564415387883424e-03
-1.977012911619522e-03
-6.940551858497855e-04
-2.340971129292745e-04
-6.613736306955334e-05
-4.242412051766794e-06
1.718107074247201e-05
2.276974687068287e-05
2.243241655093221e-05
2.022358754167869e-05
1.769945261023957e-05
1.536855035607110e-05
1.334071851524487e-05
1.160051849317890e-05
1.010577676313740e-05
8.815252065416296e-06
7.695904054329447e-06
6.721735231424748e-06
5.869850784398094e-06
5.121894359040266e-06
4.464292156632773e-06
3.885177856170265e-06
3.374041883187863e-06
2.921937539073860e-06
2.521192763634956e-06
2.165651722791866e-06
1.849941753100676e-06
1.568803439129476e-06
1.317650522979967e-06
1.092868325711258e-06
8.913337306998859e-07
7.099800118064298e-07
5.456714447656298e-07
3.954034731547297e-07
2.563860808314052e-07
1.257670526738525e-07
3.454905631195972e-21
-2.658999375630343e-01
-8.039243742819230e-02
-1.902435222467455e-02
-2.128208402159395e-03
1.614786892545697e-03
1.700425906656464e-03
1.120513766031724e-03
6.216390872350186e-04
3.164541627654295e-04
1.561557294811407e-04
7.962313431561207e-05
4.514384166204288e-05
2.977637024296591e-05
2.244755797170862e-05
1.834782310368470e-05
1.557413338891484e-05
1.342560892311957e-05
1.164760753416872e-05
1.013636202575178e-05
8.836193483896480e-06
7.710481205858242e-06
6.732138269898267e-06
5.877354197541750e-06
5.127165742160256e-06
4.468044940214917e-06
3.887940166695937e-06
3.376060339902774e-06
2.923424151680600e-06
2.522273069768552e-06
2.166417719437438e-06
1.850507483909416e-06
1.569224781678661e-06
1.317950908783288e-06
1.093084638608073e-06
8.914969256612242e-07
7.101040357755917e-07
5.457586607763727e-07
3.954558061259149e-07
2.564105520571644e-07
1.257749709631098e-07
3.140472158404426e-21
2.177666036889315e-02
1.426195316174905e-02
2.013868820373844e-02
1.554959841888403e-02
9.388843756007639e-03
5.237574241702063e-03
2.729539785611503e-03
1.346928718730022e-03
6.327366772780795e-04
2.872134799213162e-04
1.303497886087633e-04
6.325562673140301e-05
3.569372006968291e-05
2.422276316678773e-05
1.885425546452309e-05
1.572785130111526e-05
1.348579411048531e-05
1.167990152198877e-05
1.015703048917875e-05
8.850313810587093e-06
7.720290442936661e-06
6.739162366112560e-06
5.882460961231119e-06
5.130705252306444e-06
4.470542205415366e-06
3.889807103694184e-06
3.377422228074274e-06
2.924427417738493e-06
2.523008166558642e-06
2.166931303508444e-06
1.850888009998840e-06
1.569512190255725e-06
1.318153252120479e-06
1.093230583042882e-06
8.916110058047385e-07
7.101939360060297e-07
5.458223529048942e-07
3.954922001264716e-07
2.564249203544767e-07
1.257779207856416e-07
2.854559767184370e-21
1.449414941667695e-01
1.142655898362308e-01
6.583988453951169e-02
3.152419325527209e-02
1.600392438902948e-02
7.982906525961142e-03
3.922893609965754e-03
1.866191767290653e-03
8.554119276336039e-04
3.786180966241777e-04
1.655949387084618e-04
7.580868886164643e-05
3.978481586885107e-05
2.544379523250846e-05
1.919850550011061e-05
1.582964765071089e-05
1.352438622079911e-05
1.170015337364780e-05
1.016977819653107e-05
8.859047321084184e-06
7.726355143506498e-06
6.743514420139174e-06
5.885673890180368e-06
5.132883847745626e-06
4.472049500650899e-06
3.890971561893566e-06
3.378270809605281e-06
2.925048174928186e-06
2.523471669827775e-06
2.167247847160365e-06
1.851122760379148e-06
1.569694072243875e-06
1.318278315669933e-06
1.093321052999181e-06
8.916862942558978e-07
7.102565075390059e-07
5.458670781502669e-07
3.955159115948090e-07
2.564315084736529e-07
1.257771616225871e-07
2.594631346189252e-21
3.670766014161923e-01
2.669756313079220e-01
9.164670683640265e-02
4.292790389655238e-02
1.998422591443748e-02
9.642530934728543e-03
4.609239313921655e-03
2.161421199696857e-03
9.801359564667218e-04
4.296195217633638e-04
1.851928022914231e-04
8.278295122847726e-05
4.205381274292521e-05
2.611943625182279e-05
1.938785254512748e-05
1.588475508387862e-05
1.354492955264404e-05
1.171081218663604e-05
1.017633755079031e-05
8.863571590460374e-06
7.729518512671333e-06
6.745776506993849e-06
5.887390688632286e-06
5.134009256809127e-06
4.472785009808007e-06
3.891588806810728e-06
3.378723957497484e-06
2.925368817528454e-06
2.523723169527170e-06
2.167412179653962e-06
1.851243725692455e-06
1.569793672979086e-06
1.318343137488665e-06
1.093368173758997e-06
8.917311838490292e-07
7.102973450361584e-07
5.458966249806067e-07
3.955296260993723e-07
2.564321874515695e-07
1.257736882272979e-07
2.358355412610853e-21
2.152910095841991e+00
2.400760828867348e-01
1.090606214107865e-01
4.550117075795270e-02
2.141667991039302e-02
1.013161373632806e-02
4.825096823536565e-03
2.250397875230265e-03
1.018104180832517e-03
4.449932309156660e-04
1.911152098774722e-04
8.488492123788839e-05
4.273803450653032e-05
2.632305851166923e-05
1.944465265816688e-05
1.590119267088930e-05
1.355099027878083e-05
1.171392071098843e-05
1.017830202113022e-05
8.864786667599387e-06
7.730471641458514e-06
6.746438293909592e-06
5.887906977165662e-06
5.134342649352665e-06
4.472926887471053e-06
3.891782464217853e-06
3.378879178742867e-06
2.925455646343631e-06
2.523810692987285e-06
2.167460474846499e-06
1.851276703950134e-06
1.569829919707617e-06
1.318361626701239e-06
1.093381788217951e-06
8.917524812806451e-07
7.103210440442392e-07
5.459141326249826e-07
3.955355493158320e-07
2.564284546934389e-07
1.257682804867662e-07
-1.463380173982389e-32
>>>>>>> e301efdfa847a74e826fc2e450c12217499e0ead
